"Date", "Wind Dir", "Wind Speed", "Temp.", "Humi.", "heatidx", "Pres.", "Prec.", "Vis."
"11/01/07", "170", "3.3", "29.4", "57.2", "31.2", "1004.1", "0.0", ""
"11/01/17", "34", "2.6", "25.0", "62.5", "26.0", "1005.3", "0.0", ""
"11/01/23", "35", "1.9", "28.0", "63.8", "30.0", "1005.2", "0.0", ""
"11/02/04", "320", "1.4", "27.1", "71.7", "29.1", "1004.5", "0.0", ""
"11/02/14", "209", "1.6", "28.6", "78.2", "33.4", "1003.2", "9.8", ""
"11/02/23", "51", "2.1", "24.8", "95.6", "24.9", "1004.6", "35.2", ""
"11/02/24", "219", "1.1", "27.7", "82.9", "31.7", "1003.3", "32.2", ""
"11/03/22", "279", "1.4", "28.3", "88.1", "34.2", "1002.1", "8.8", ""
"11/03/30", "10", "6.0", "23.9", "65.5", "25.0", "1005.7", "0.0", ""
"11/04/06", "211", "1.2", "29.1", "78.4", "34.7", "1004.4", "0.0", ""
"11/04/15", "223", "0.8", "28.6", "79.5", "33.5", "1002.7", "0.0", ""
"11/04/17", "217", "0.6", "29.7", "79.1", "36.4", "1002.5", "0.0", ""
"11/04/18", "202", "0.5", "30.2", "79.8", "38.3", "1000.6", "0.0", ""
"11/04/19", "67", "1.8", "27.1", "89.8", "31.1", "1002.2", "28.6", ""
"11/04/20", "276", "1.3", "28.7", "83.2", "34.7", "1003.0", "1.4", ""
"11/04/21", "214", "1.1", "29.3", "81.2", "35.8", "1003.1", "0.2", ""
"11/04/23", "11", "1.7", "27.7", "88.7", "32.7", "1002.0", "9.4", ""
"11/04/25", "22", "1.4", "25.9", "92.3", "27.8", "1002.7", "32.6", ""
"11/05/02", "237", "0.2", "29.5", "81.8", "36.6", "1001.4", "0.0", ""
"11/05/03", "242", "0.1", "29.7", "83.8", "37.7", "1000.6", "2.8", ""
"11/05/09", "229", "3.2", "29.5", "80.1", "36.3", "1001.0", "4.4", ""
"11/05/12", "243", "2.3", "30.2", "78.9", "37.9", "999.9", "19.8", ""
"11/05/13", "20", "1.9", "27.5", "91.8", "32.4", "1000.0", "27.8", ""
"11/05/14", "216", "1.0", "28.6", "84.8", "34.7", "1001.8", "6.0", ""
"11/05/15", "207", "1.2", "29.4", "80.1", "36.0", "1004.4", "4.0", ""
"11/05/18", "237", "1.4", "28.2", "86.7", "33.6", "1002.8", "2.8", ""
"11/05/22", "259", "2.9", "30.1", "77.3", "37.2", "1000.7", "4.0", ""
"11/05/25", "337", "1.9", "28.2", "86.1", "33.6", "999.6", "1.8", ""
"11/05/29", "243", "2.1", "30.4", "75.8", "37.5", "1002.5", "0.0", ""
"11/05/30", "220", "1.9", "29.2", "81.8", "35.8", "1002.3", "30.4", ""
"11/06/03", "224", "1.1", "29.1", "84.1", "35.9", "1000.3", "0.0", ""
"11/06/04", "193", "0.9", "29.5", "82.3", "36.6", "999.9", "0.0", ""
"11/06/14", "234", "0.8", "27.5", "86.2", "31.6", "1003.0", "0.2", ""
"11/06/15", "240", "2.2", "28.6", "85.6", "34.8", "1002.4", "24.0", ""
"11/06/16", "228", "1.7", "29.5", "80.6", "36.2", "1001.4", "1.2", ""
"11/06/19", "237", "2.6", "28.4", "81.4", "33.5", "999.6", "8.4", ""
"11/06/21", "242", "2.0", "28.7", "85.0", "34.8", "1000.3", "1.8", ""
"11/07/02", "195", "1.5", "27.0", "88.6", "30.7", "1002.0", "21.8", ""
"11/07/06", "267", "3.6", "30.2", "73.6", "36.5", "1000.9", "0.0", ""
"11/07/12", "236", "1.8", "29.4", "80.1", "35.9", "998.4", "0.2", ""
"11/07/14", "240", "2.4", "29.1", "76.8", "34.2", "999.3", "0.0", ""
"11/07/17", "236", "1.9", "29.2", "78.2", "35.0", "1000.8", "0.0", ""
"11/07/27", "246", "2.6", "28.9", "78.7", "34.3", "1000.0", "0.0", ""
"11/07/31", "227", "2.6", "27.6", "86.1", "31.9", "997.8", "32.0", ""
"11/08/08", "248", "1.8", "29.2", "79.2", "35.2", "1001.4", "0.0", ""
"11/08/09", "263", "1.5", "28.1", "84.0", "33.1", "1001.2", "0.2", ""
"11/08/10", "251", "1.2", "26.5", "93.7", "29.6", "1001.2", "28.6", ""
"11/08/23", "268", "3.4", "29.6", "74.6", "35.2", "1000.9", "0.0", ""
"11/09/01", "243", "2.3", "29.0", "79.5", "34.5", "1000.8", "0.4", ""
"11/09/04", "234", "1.4", "29.4", "79.4", "35.7", "1001.3", "1.8", ""
"11/09/08", "260", "2.3", "28.9", "76.5", "33.7", "1001.5", "0.0", ""
"11/09/09", "267", "3.9", "28.6", "76.1", "32.8", "1001.2", "46.6", ""
"11/09/13", "236", "1.7", "27.9", "81.8", "32.2", "1002.2", "7.8", ""
"11/09/14", "238", "1.8", "28.7", "76.4", "33.2", "1002.0", "0.0", ""
"11/09/18", "240", "1.5", "29.3", "74.5", "34.4", "1000.7", "0.0", ""
"11/09/30", "229", "2.1", "29.0", "76.4", "34.0", "1000.3", "0.0", ""
"11/11/30", "343", "1.3", "26.0", "87.4", "28.0", "1002.9", "0.0", ""
"11/12/24", "41", "5.7", "25.6", "58.4", "26.5", "1004.6", "0.0", ""
"11/12/31", "27", "2.8", "27.7", "62.4", "29.2", "1006.2", "0.0", ""
"12/01/01", "34", "2.4", "27.9", "63.2", "29.6", "1005.4", "0.0", ""
"12/01/10", "29", "3.6", "27.5", "58.1", "28.5", "1005.3", "0.0", ""
"12/01/17", "307", "1.2", "26.9", "85.6", "30.0", "1000.7", "0.4", ""
"12/01/30", "28", "3.0", "25.5", "85.1", "26.9", "1004.2", "5.6", ""
"12/02/06", "228", "1.2", "27.6", "81.3", "31.4", "1003.3", "0.0", ""
"12/02/24", "210", "1.1", "29.0", "79.4", "34.6", "999.8", "0.0", ""
"12/03/05", "211", "1.3", "28.9", "73.3", "33.1", "999.7", "0.0", ""
"12/03/14", "232", "1.9", "28.7", "81.2", "34.1", "1004.3", "6.0", ""
"12/04/10", "217", "1.6", "28.8", "76.9", "33.6", "1003.7", "0.4", ""
"12/04/21", "213", "1.9", "31.9", "69.1", "39.7", "999.9", "0.0", ""
"12/04/24", "209", "1.6", "30.7", "72.9", "37.6", "1000.5", "2.4", ""
"12/07/16", "257", "2.1", "27.9", "84.5", "32.5", "1002.8", "1.0", ""
"12/07/29", "242", "2.1", "27.9", "83.4", "32.3", "1001.6", "6.0", ""
"12/08/07", "243", "2.3", "28.6", "77.1", "33.2", "1001.5", "0.0", ""
"12/08/08", "250", "2.7", "28.2", "75.4", "31.8", "1000.2", "0.0", ""
"12/08/11", "241", "1.4", "28.7", "77.1", "33.3", "1003.3", "0.0", ""
"12/08/24", "241", "1.1", "28.8", "76.8", "33.6", "1000.0", "0.0", ""
"12/09/03", "288", "3.9", "27.7", "79.1", "31.2", "1000.9", "6.0", ""
"12/09/08", "217", "1.0", "28.8", "77.6", "33.6", "1004.0", "12.2", ""
"13/03/11", "207", "0.5", "29.1", "73.2", "33.7", "1006.8", "0.0", ""
"13/03/13", "212", "1.2", "31.3", "64.1", "36.7", "1006.1", "0.0", ""
"13/03/31", "200", "0.8", "30.6", "71.6", "36.9", "1002.9", "0.0", ""
"13/04/03", "199", "1.1", "31.1", "72.1", "38.4", "1001.3", "0.0", ""
"13/04/06", "306", "2.8", "30.7", "67.9", "36.3", "998.8", "0.0", ""
"13/04/10", "205", "0.8", "30.1", "73.9", "36.2", "1002.7", "0.0", ""
"13/04/11", "206", "1.1", "29.6", "75.3", "35.2", "1003.5", "0.0", ""
"13/04/12", "13", "2.4", "27.9", "83.8", "32.5", "1003.7", "32.8", ""
"13/04/15", "183", "1.1", "28.1", "80.6", "32.4", "1002.7", "0.2", ""
"13/04/17", "50", "1.7", "25.0", "94.9", "25.4", "1000.6", "0.2", ""
"13/04/18", "320", "2.6", "29.2", "72.6", "33.6", "999.5", "1.2", ""
"13/04/19", "217", "1.6", "30.5", "69.0", "36.1", "999.6", "1.4", ""
"13/05/16", "223", "1.3", "31.2", "74.8", "39.6", "1000.0", "0.6", ""
"13/05/22", "236", "1.3", "29.6", "77.0", "35.7", "1000.3", "0.0", ""
"13/05/28", "221", "0.7", "30.0", "74.2", "36.2", "1002.5", "0.0", ""
"13/06/19", "247", "2.2", "27.7", "78.2", "31.1", "999.3", "5.8", ""
"13/06/25", "246", "1.4", "28.0", "77.4", "31.7", "1004.3", "0.0", ""
"13/06/30", "268", "3.6", "29.2", "67.1", "32.7", "1000.2", "0.0", ""
"13/07/04", "231", "0.8", "29.0", "72.4", "33.1", "998.9", "0.0", ""
"13/07/08", "225", "0.8", "26.1", "85.4", "28.0", "1001.7", "14.8", ""
"13/07/11", "267", "0.8", "26.7", "82.9", "29.4", "1002.3", "14.8", ""
"13/07/15", "241", "2.0", "27.7", "75.9", "30.9", "999.7", "19.0", ""
"13/07/16", "252", "1.0", "26.4", "82.7", "28.6", "1001.3", "14.4", ""
"13/07/17", "276", "0.1", "25.6", "82.1", "27.0", "999.0", "0.0", ""
"13/07/18", "245", "1.9", "27.6", "75.3", "30.5", "998.3", "0.0", ""
"13/07/22", "243", "1.8", "28.4", "73.0", "32.0", "997.7", "0.0", ""
"13/07/23", "250", "2.0", "26.9", "80.5", "29.5", "999.0", "0.0", ""
"13/07/29", "225", "1.6", "28.7", "73.7", "32.6", "999.8", "0.0", ""
"13/07/30", "247", "1.5", "26.2", "84.8", "28.3", "999.3", "0.0", ""
"13/08/02", "241", "2.1", "28.2", "74.9", "31.9", "998.5", "0.0", ""
"13/08/09", "215", "1.0", "28.6", "73.2", "32.5", "1001.9", "0.0", ""
"13/08/14", "227", "1.5", "27.2", "81.2", "30.4", "1001.4", "0.0", ""
"13/08/20", "224", "2.0", "28.9", "67.7", "32.1", "1000.8", "0.0", ""
"13/08/26", "240", "1.6", "29.0", "71.7", "33.1", "1000.4", "0.2", ""
"13/08/27", "233", "1.4", "27.9", "76.1", "31.2", "1001.2", "0.2", ""
"13/09/01", "196", "0.7", "29.4", "70.4", "33.6", "1003.1", "0.0", ""
"13/09/06", "107", "1.3", "28.0", "77.5", "31.7", "1002.4", "0.0", ""
"13/09/12", "196", "1.2", "27.8", "80.4", "31.6", "1001.0", "0.0", ""
"13/09/13", "240", "1.5", "27.3", "82.1", "30.7", "1001.4", "0.0", ""
"13/09/17", "258", "2.6", "28.1", "72.3", "31.1", "1000.4", "0.0", ""
"13/09/18", "257", "2.0", "27.2", "80.2", "30.2", "999.4", "0.0", ""
"13/09/19", "246", "1.7", "25.8", "85.3", "27.3", "997.7", "0.0", ""
"13/09/23", "243", "2.1", "27.0", "80.6", "29.8", "998.6", "0.0", ""
"13/09/28", "295", "3.2", "27.3", "75.4", "29.9", "1000.7", "0.0", ""
"13/10/04", "307", "3.6", "25.0", "89.0", "25.7", "1001.7", "45.4", ""
"13/10/11", "9", "2.0", "28.1", "72.3", "31.2", "1002.7", "0.0", ""
"13/10/17", "149", "0.2", "26.8", "92.5", "30.5", "1001.0", "0.0", ""
"13/10/23", "16", "2.1", "26.7", "80.8", "29.1", "1004.4", "7.6", ""
"13/10/26", "33", "3.6", "27.9", "65.6", "29.9", "1005.4", "0.0", ""
"13/10/29", "47", "0.6", "24.3", "87.3", "24.4", "1005.4", "6.0", ""
"13/10/31", "30", "1.2", "27.6", "79.2", "31.1", "1004.5", "11.4", ""
"13/11/05", "30", "4.5", "28.5", "61.1", "30.4", "1004.0", "0.0", ""
"13/11/10", "8", "2.2", "27.5", "72.1", "30.0", "1000.3", "0.0", ""
"13/11/16", "34", "4.1", "26.7", "73.7", "28.6", "1003.5", "13.6", ""
"13/11/18", "31", "3.5", "27.3", "71.2", "29.5", "1004.6", "0.2", ""
"13/11/19", "34", "3.7", "26.6", "70.5", "28.2", "1004.0", "0.0", ""
"13/11/22", "42", "3.6", "27.6", "67.6", "29.7", "1002.5", "0.0", ""
"13/11/23", "40", "2.5", "27.1", "78.3", "29.8", "1002.5", "15.6", ""
"13/11/24", "33", "1.0", "25.3", "87.0", "26.4", "1003.3", "5.2", ""
"13/11/25", "16", "1.8", "26.4", "80.8", "28.4", "1001.7", "0.2", ""
"13/12/01", "31", "5.0", "24.8", "65.0", "25.8", "1005.9", "0.0", ""
"13/12/06", "37", "3.7", "25.3", "64.9", "26.3", "1003.0", "0.0", ""
"13/12/11", "35", "1.9", "25.5", "69.1", "26.6", "1002.2", "0.0", ""
"13/12/16", "136", "2.0", "27.0", "78.0", "29.5", "1001.7", "10.8", ""
"13/12/21", "27", "5.5", "22.2", "53.5", "24.8", "1007.9", "0.0", ""
"13/12/22", "19", "5.1", "23.1", "56.8", "24.9", "1007.5", "0.0", ""
"13/12/24", "36", "4.4", "23.9", "58.9", "25.2", "1007.5", "0.0", ""
"13/12/28", "26", "4.0", "21.8", "56.4", "24.7", "1006.9", "0.0", ""
"13/12/30", "18", "3.6", "23.6", "57.5", "25.1", "1007.4", "0.0", ""
"14/01/01", "18", "2.6", "23.9", "60.6", "25.2", "1006.0", "0.0", ""
"14/01/07", "326", "1.3", "25.9", "77.5", "27.5", "1004.1", "0.0", ""
"14/01/12", "41", "3.0", "26.8", "53.7", "27.4", "1006.6", "0.0", ""
"14/01/14", "31", "3.8", "24.6", "52.7", "25.7", "1007.8", "0.0", ""
"14/01/15", "29", "4.4", "23.6", "41.8", "25.2", "1008.6", "0.0", ""
"14/01/19", "35", "3.8", "23.2", "48.6", "25.1", "1011.2", "0.0", ""
"14/01/21", "31", "4.3", "22.9", "48.5", "25.1", "1010.8", "0.0", ""
"14/01/24", "5", "1.7", "22.1", "47.0", "25.0", "1006.8", "0.0", ""
"14/01/29", "338", "1.5", "25.0", "72.0", "26.0", "1007.6", "0.0", ""
"14/02/04", "194", "1.0", "27.0", "73.3", "29.1", "1001.2", "0.0", ""
"14/02/05", "203", "1.7", "27.2", "71.1", "29.3", "1001.9", "0.0", ""
"14/02/09", "217", "0.5", "26.0", "73.8", "27.4", "1001.0", "0.0", ""
"14/02/11", "195", "1.7", "27.4", "66.3", "29.2", "1001.5", "0.0", ""
"14/02/15", "199", "1.5", "26.1", "79.0", "27.8", "1004.7", "44.8", ""
"14/02/20", "38", "3.3", "22.9", "86.6", "22.2", "1007.4", "60.6", ""
"14/02/21", "23", "1.9", "23.0", "83.1", "22.8", "1008.0", "5.6", ""
"14/02/25", "227", "1.1", "26.7", "74.4", "28.6", "1006.2", "0.0", ""
"14/02/27", "216", "1.4", "27.4", "71.1", "29.6", "1005.9", "0.0", ""
"14/02/28", "210", "1.1", "27.1", "71.1", "29.1", "1005.6", "0.0", ""
"14/03/02", "203", "1.0", "27.1", "73.0", "29.2", "1003.9", "0.0", ""
"14/03/07", "201", "1.0", "28.0", "68.8", "30.5", "1006.0", "0.0", ""
"14/03/10", "202", "1.4", "27.8", "69.6", "30.3", "1006.3", "2.4", ""
"14/03/15", "246", "1.0", "28.5", "73.8", "32.2", "1006.0", "0.0", ""
"14/03/20", "195", "0.9", "28.7", "74.9", "33.1", "1002.3", "0.0", ""
"14/03/23", "47", "2.3", "28.0", "70.4", "30.7", "1004.7", "0.0", ""
"14/03/27", "213", "1.3", "29.4", "71.6", "34.0", "1002.1", "0.0", ""
"14/03/29", "199", "1.1", "29.5", "70.3", "33.9", "1001.8", "0.0", ""
"14/03/31", "204", "1.1", "29.8", "69.1", "34.4", "1001.0", "0.0", ""
"14/04/02", "199", "0.7", "29.7", "67.9", "33.9", "1001.0", "0.0", ""
"14/04/05", "18", "1.5", "26.2", "83.4", "28.2", "1004.8", "11.8", ""
"14/04/10", "202", "1.2", "30.1", "67.5", "34.7", "1002.7", "0.0", ""
"14/04/11", "196", "1.4", "30.2", "68.6", "35.3", "1002.3", "0.0", ""
"14/04/12", "249", "2.6", "27.7", "79.7", "31.2", "1003.4", "17.0", ""
"14/06/07", "230", "1.4", "28.0", "78.1", "31.8", "998.5", "2.6", ""
"14/06/12", "236", "2.3", "29.8", "68.6", "34.2", "996.6", "0.0", ""
"14/06/15", "216", "1.3", "28.8", "78.1", "33.8", "998.9", "1.4", ""
"14/06/18", "228", "1.8", "29.0", "75.7", "33.8", "1000.0", "0.4", ""
"14/06/22", "238", "1.7", "28.6", "77.3", "33.0", "1001.2", "10.2", ""
"14/06/27", "239", "1.8", "29.6", "72.0", "34.6", "1001.9", "0.0", ""
"14/06/30", "244", "1.5", "29.6", "67.9", "33.7", "1000.5", "0.0", ""
"14/07/01", "241", "1.8", "29.7", "70.4", "34.4", "1001.9", "0.0", ""
"14/07/06", "238", "2.7", "30.4", "64.7", "34.6", "999.8", "0.0", ""
"14/07/13", "244", "2.5", "28.6", "73.7", "32.4", "999.1", "1.6", ""
"14/07/15", "223", "1.2", "27.6", "81.1", "31.2", "1002.0", "12.4", ""
"14/07/23", "237", "2.1", "28.7", "69.5", "31.9", "999.7", "0.0", ""
"14/07/24", "221", "1.9", "29.2", "69.7", "33.0", "999.8", "0.0", ""
"14/07/27", "243", "2.3", "29.4", "67.7", "33.2", "1002.0", "0.0", ""
"14/07/30", "240", "1.7", "29.5", "71.7", "34.3", "999.9", "0.0", ""
"14/08/02", "235", "2.5", "29.4", "67.5", "33.2", "1000.1", "0.0", ""
"16/10/06", "316", "1.6", "26.1", "94.9", "28.4", "1001.5", "1.4", ""
"16/10/19", "243", "0.8", "26.9", "91.4", "30.7", "999.3", "7.0", ""
"16/10/30", "22", "3.1", "26.6", "87.9", "29.4", "1004.5", "10.4", ""
"16/11/06", "6", "1.5", "26.9", "91.2", "30.5", "1003.0", "11.2", ""
"16/12/24", "22", "2.5", "27.2", "75.7", "29.8", "1003.8", "0.2", ""
"16/12/31", "23", "5.0", "25.6", "65.1", "26.6", "1006.2", "0.6", ""
"17/01/08", "24", "2.8", "25.3", "88.0", "26.3", "1001.4", "4.8", ""
"17/01/10", "121", "1.7", "25.3", "92.4", "26.4", "1002.9", "21.2", ""
"17/01/30", "20", "2.1", "25.3", "78.1", "26.4", "1004.8", "0.0", ""
"17/07/19", "141", "1.7", "25.4", "93.6", "26.4", "1001.2", "46.2", ""
"17/08/28", "246", "1.6", "27.5", "85.2", "31.5", "999.4", "0.8", ""
"17/09/16", "215", "1.7", "27.7", "85.5", "32.3", "1000.3", "3.8", ""
"17/10/03", "322", "2.0", "25.2", "95.2", "25.9", "998.5", "0.0", ""
"17/10/04", "40", "1.5", "22.1", "90.5", "20.5", "1000.8", "0.2", ""
"17/10/05", "36", "1.4", "25.6", "95.5", "27.2", "1002.2", "0.0", ""
"17/11/15", "32", "0.0", "24.5", "99.0", "24.0", "1002.8", "5.0", ""
"18/03/22", "10", "1.9", "25.8", "92.8", "27.7", "1003.4", "28.2", ""
"18/03/24", "222", "1.3", "28.5", "77.9", "33.0", "1006.3", "0.0", ""
"18/04/05", "229", "1.1", "27.6", "84.9", "31.8", "1003.0", "0.2", ""
"18/05/09", "195", "1.4", "29.2", "86.1", "36.6", "1004.2", "61.8", ""
"18/05/15", "25", "1.4", "27.8", "88.7", "32.9", "1002.3", "0.0", ""
"18/05/19", "216", "1.8", "32.9", "68.0", "42.3", "1000.9", "0.0", ""
"18/05/26", "337", "1.6", "27.7", "90.6", "32.8", "1003.9", "35.8", ""
"18/08/10", "221", "2.3", "28.2", "77.2", "32.2", "1001.6", "0.0", ""
"18/09/13", "291", "2.3", "25.4", "93.3", "26.6", "1002.2", "2.0", ""
"18/09/15", "283", "1.3", "25.5", "97.8", "27.0", "999.6", "13.6", ""
"18/10/28", "18", "1.9", "27.7", "82.1", "31.7", "1006.2", "0.0", ""
"18/10/30", "32", "3.3", "27.0", "71.7", "28.9", "1005.6", "0.0", ""
"18/11/06", "21", "2.3", "27.4", "76.1", "30.3", "1005.2", "0.0", ""
"19/03/11", "208", "1.7", "27.7", "80.7", "31.5", "1004.7", "0.0", ""
"19/03/14", "191", "2.9", "29.3", "72.4", "33.8", "1007.8", "0.0", ""
"19/03/17", "209", "1.5", "28.9", "78.3", "34.0", "1006.8", "0.0", ""
"19/03/23", "180", "2.3", "29.4", "80.4", "36.0", "1004.4", "0.0", ""
"19/03/30", "193", "2.0", "28.6", "82.5", "34.2", "1004.3", "0.0", ""
"19/04/11", "192", "2.3", "30.5", "75.8", "37.9", "1002.9", "0.0", ""
"19/04/13", "191", "2.3", "30.5", "73.9", "37.5", "1004.1", "0.0", ""
"19/05/05", "202", "2.0", "30.6", "78.7", "39.0", "1003.1", "1.6", ""
"19/05/15", "205", "1.8", "29.5", "79.0", "36.1", "1003.4", "1.2", ""
"19/05/16", "114", "1.6", "27.7", "90.6", "32.9", "1003.6", "21.2", ""
"19/05/19", "208", "2.1", "31.3", "73.9", "39.7", "1002.5", "0.0", ""
"19/05/22", "39", "1.9", "28.1", "88.4", "33.7", "1003.4", "3.6", ""
"19/06/14", "221", "1.9", "30.0", "77.8", "37.1", "1002.2", "0.0", ""
"19/06/17", "240", "1.5", "27.3", "88.9", "31.5", "1002.2", "12.6", ""
"19/06/20", "237", "1.7", "29.8", "78.3", "36.6", "1002.5", "0.0", ""
"19/07/12", "220", "2.0", "30.3", "70.3", "35.9", "1004.6", "0.0", ""
"19/08/16", "212", "2.4", "29.5", "78.7", "35.9", "1001.8", "0.0", ""
"19/09/13", "269", "4.6", "29.1", "73.7", "33.7", "1003.2", "2.0", ""
"19/11/20", "28", "2.8", "26.9", "72.5", "28.8", "1004.8", "0.0", ""
"19/12/16", "45", "2.8", "28.2", "64.0", "30.3", "1006.2", "0.0", ""
"20/01/16", "213", "1.9", "27.2", "82.5", "30.4", "1007.1", "0.2", ""
"20/02/12", "184", "2.6", "28.4", "78.4", "32.8", "1008.3", "0.2", ""
"20/03/12", "193", "3.2", "29.9", "75.2", "36.1", "1007.0", "0.0", ""
"20/03/15", "21", "3.0", "28.0", "80.7", "32.2", "1006.6", "0.0", ""
"20/04/17", "166", "1.9", "26.5", "91.1", "29.4", "1006.3", "1.0", ""
"20/05/13", "204", "1.6", "30.3", "79.6", "38.5", "1003.3", "0.0", ""
"20/05/16", "204", "1.8", "31.6", "72.6", "40.3", "1000.6", "0.0", ""
"20/06/01", "221", "1.4", "29.5", "82.0", "36.6", "1005.0", "0.0", ""
"20/06/13", "217", "2.1", "31.3", "72.3", "39.2", "999.7", "0.0", ""
"20/06/27", "18", "1.5", "27.4", "91.1", "32.0", "1002.2", "2.0", ""
"20/06/28", "197", "1.6", "27.0", "93.5", "31.2", "1001.9", "8.4", ""
"20/06/29", "223", "1.4", "28.6", "84.3", "34.4", "1001.8", "6.8", ""
"20/07/17", "169", "1.7", "29.6", "79.2", "36.2", "1002.3", "0.0", ""
"20/07/28", "227", "1.3", "28.2", "85.4", "33.6", "1002.6", "4.4", ""
"20/08/15", "48", "1.3", "26.1", "95.9", "28.6", "1003.8", "2.0", ""
"20/08/19", "232", "0.7", "27.5", "89.1", "32.1", "1001.9", "0.0", ""
"20/08/23", "235", "1.6", "29.1", "78.4", "34.7", "1003.7", "0.0", ""
"20/09/04", "203", "1.2", "28.3", "89.4", "34.4", "1002.3", "2.2", ""
"20/09/12", "211", "1.5", "28.6", "85.9", "34.7", "1004.1", "0.2", ""
"20/09/30", "258", "1.7", "28.0", "82.5", "32.5", "1001.8", "0.0", ""
"20/10/11", "303", "1.5", "24.7", "97.3", "24.7", "1000.0", "99.0", ""
"20/10/14", "270", "2.3", "27.0", "88.4", "30.5", "1001.0", "2.0", ""
"20/10/25", "19", "2.2", "26.7", "70.6", "28.4", "1004.5", "0.0", ""
"20/11/13", "37", "3.5", "26.8", "66.7", "28.3", "1005.4", "0.0", ""
"20/12/09", "18", "4.3", "26.0", "59.2", "26.9", "1005.7", "0.0", ""
"20/12/12", "5", "1.9", "27.5", "76.9", "30.5", "1004.1", "0.0", ""
"21/01/07", "23", "2.5", "27.1", "73.0", "29.2", "1004.0", "0.0", ""
"21/01/12", "23", "6.4", "21.5", "51.4", "24.9", "1008.8", "0.0", ""
"21/01/15", "319", "1.4", "24.0", "77.6", "24.5", "1005.1", "0.0", ""
"21/01/29", "24", "2.4", "26.2", "69.7", "27.5", "1007.4", "0.0", ""
"21/02/19", "22", "4.0", "25.8", "59.7", "26.8", "1009.1", "0.0", ""
"21/02/21", "298", "2.0", "26.0", "75.4", "27.4", "1007.2", "0.0", ""
"21/08/03", "224", "1.7", "28.9", "80.1", "34.5", "1002.8", "0.0", ""
"21/08/07", "232", "1.4", "29.3", "82.0", "36.1", "1004.0", "0.0", ""
"21/08/17", "293", "1.8", "28.0", "87.3", "33.4", "1005.3", "0.0", ""
"21/08/19", "325", "1.2", "27.3", "92.2", "31.8", "1003.2", "0.2", ""
"21/08/20", "183", "1.2", "28.4", "85.4", "34.1", "1003.9", "0.0", ""
"21/08/31", "288", "1.6", "26.7", "92.2", "30.2", "1003.9", "0.0", ""
"21/09/10", "256", "1.4", "26.8", "91.1", "30.3", "1003.1", "0.0", ""
"21/09/12", "254", "2.2", "28.2", "82.4", "33.0", "1001.1", "0.0", ""
"21/09/20", "16", "1.4", "24.9", "97.2", "25.2", "1002.4", "0.0", ""
"21/10/21", "2", "2.0", "26.5", "92.4", "29.6", "1006.2", "8.4", ""
"21/11/08", "37", "3.3", "27.5", "85.6", "31.6", "1004.0", "2.2", ""
"21/11/21", "324", "2.0", "27.2", "90.1", "31.2", "1003.6", "37.6", ""
"21/11/24", "31", "4.4", "26.8", "74.4", "28.8", "1005.9", "0.6", ""
"21/12/15", "1", "3.6", "26.9", "62.8", "28.2", "1005.2", "0.0", ""
"21/12/16", "357", "3.3", "27.8", "65.0", "29.7", "1005.2", "0.0", ""
"21/12/19", "19", "5.4", "24.3", "61.4", "25.5", "1007.7", "0.0", ""
"22/01/15", "50", "2.4", "26.0", "73.9", "27.5", "1007.7", "0.0", ""
"22/01/20", "185", "2.3", "26.8", "75.9", "29.0", "1005.3", "0.0", ""
"22/01/21", "125", "2.2", "25.5", "83.8", "26.7", "1005.6", "0.2", ""
"22/02/02", "172", "2.1", "27.7", "81.5", "31.6", "1006.4", "0.0", ""
"22/02/11", "293", "1.2", "26.2", "92.1", "28.6", "1004.4", "20.4", ""
"22/02/27", "20", "2.4", "27.7", "72.7", "30.3", "1006.8", "0.0", ""
"22/03/15", "226", "1.5", "29.1", "82.9", "35.8", "1002.0", "0.0", ""
"22/03/31", "356", "2.8", "26.9", "87.9", "30.2", "1004.0", "0.0", ""
"22/04/01", "24", "4.6", "28.9", "73.0", "33.0", "1004.8", "0.0", ""
"22/04/13", "186", "1.4", "28.9", "84.7", "35.6", "1001.4", "1.4", ""
"22/04/17", "113", "1.9", "27.3", "91.8", "32.0", "1003.3", "125.4", ""
"22/05/06", "70", "2.4", "28.2", "84.3", "33.5", "1002.1", "0.0", ""
"22/05/22", "242", "1.6", "27.1", "88.4", "30.8", "999.1", "0.0", ""
"22/05/30", "219", "1.6", "29.9", "76.9", "36.5", "1000.6", "0.0", ""
"22/11/07", "34", "1.6", "23.8", "91.9", "23.1", "1006.8", "0.4", ""
"22/11/08", "30", "3.1", "27.3", "67.2", "29.1", "1006.4", "0.0", ""
"22/11/15", "30", "1.8", "27.3", "89.4", "31.7", "1004.6", "0.2", ""
"22/11/28", "23", "1.5", "27.0", "89.0", "30.7", "1004.9", "0.0", ""
"22/12/14", "23", "4.8", "24.4", "61.6", "25.5", "1006.7", "0.0", ""
"23/01/09", "15", "3.2", "27.9", "62.7", "29.6", "1006.9", "0.0", ""
"23/01/15", "203", "1.4", "25.7", "85.1", "27.2", "1004.2", "0.2", ""
"23/01/25", "28", "6.8", "24.4", "54.1", "25.6", "1008.0", "0.0", ""
"23/01/26", "354", "3.0", "26.1", "57.8", "26.9", "1005.4", "0.0", ""
"23/01/27", "30", "3.7", "26.2", "59.4", "27.1", "1005.3", "0.0", ""
"23/01/28", "23", "5.6", "25.0", "54.0", "25.9", "1006.0", "0.0", ""
"23/01/29", "26", "6.5", "23.9", "51.3", "25.4", "1007.8", "0.0", ""
"23/01/30", "16", "5.4", "24.3", "49.7", "25.5", "1007.4", "0.0", ""
"23/01/31", "21", "2.6", "23.4", "62.3", "24.9", "1006.1", "0.0", ""
"23/02/01", "310", "1.6", "26.9", "63.3", "28.1", "1004.6", "0.0", ""
"23/02/02", "215", "1.1", "28.4", "70.7", "31.5", "1004.9", "0.0", ""
"23/02/03", "265", "1.7", "26.3", "87.7", "28.8", "1005.2", "35.7", ""
"23/02/04", "162", "1.3", "26.8", "87.6", "29.8", "1004.7", "0.0", ""
"23/02/05", "252", "1.4", "27.3", "84.7", "31.0", "1004.8", "0.0", ""
"23/02/06", "208", "1.2", "26.5", "89.7", "29.3", "1004.2", "0.0", ""
"23/02/07", "212", "1.5", "27.4", "84.3", "31.3", "1005.3", "0.0", ""
"23/02/08", "198", "1.6", "28.0", "82.2", "32.5", "1004.6", "0.0", ""
"23/02/09", "206", "1.6", "27.6", "85.0", "31.8", "1005.1", "0.0", ""
"23/02/10", "217", "1.6", "27.5", "85.3", "31.5", "1005.6", "0.0", ""
"23/02/11", "202", "1.5", "27.8", "81.3", "31.9", "1005.5", "0.0", ""
"23/02/12", "205", "2.4", "29.9", "72.8", "35.6", "1006.1", "0.0", ""
"23/02/13", "194", "1.4", "27.7", "83.8", "32.0", "1005.5", "0.0", ""
"23/02/14", "206", "1.4", "27.9", "83.3", "32.5", "1004.8", "0.0", ""
"23/02/15", "6", "2.1", "24.5", "95.6", "24.3", "1007.0", "7.5", ""
"23/02/16", "23", "3.4", "26.2", "72.9", "27.7", "1007.7", "0.0", ""
"23/02/17", "17", "3.3", "27.2", "64.7", "28.7", "1007.4", "0.0", ""
"23/02/18", "26", "3.1", "26.8", "69.1", "28.5", "1006.5", "0.0", ""
"23/02/19", "10", "2.4", "27.7", "70.0", "30.2", "1005.7", "0.0", ""
"23/02/20", "25", "2.8", "26.9", "73.0", "28.9", "1006.5", "0.0", ""
"23/02/21", "15", "2.5", "27.4", "75.2", "30.2", "1007.2", "0.0", ""
"23/02/22", "9", "2.4", "26.4", "76.0", "28.3", "1007.1", "0.0", ""
"23/02/23", "6", "2.2", "27.3", "66.6", "29.0", "1006.5", "0.0", ""
"23/02/24", "358", "2.2", "27.5", "64.4", "29.1", "1006.4", "0.0", ""
"23/02/25", "12", "4.4", "27.1", "58.5", "28.1", "1009.6", "0.0", ""
"23/02/26", "28", "5.9", "25.9", "53.3", "26.6", "1011.3", "0.0", ""
"23/02/27", "8", "4.4", "26.3", "55.6", "27.1", "1010.3", "0.0", ""
"23/02/28", "10", "4.1", "28.0", "55.0", "28.9", "1009.5", "0.0", ""
"23/03/01", "26", "3.0", "28.9", "62.3", "31.1", "1008.6", "0.0", ""
"23/03/02", "11", "2.5", "28.1", "68.8", "30.8", "1008.6", "0.0", ""
"23/03/03", "34", "2.6", "27.4", "62.6", "28.9", "1010.3", "0.0", ""
"23/03/04", "36", "3.3", "27.2", "61.8", "28.5", "1010.5", "0.0", ""
"23/03/05", "33", "2.6", "26.7", "63.7", "28.0", "1009.9", "0.0", ""
"23/03/06", "33", "2.2", "26.6", "65.0", "27.9", "1008.8", "0.0", ""
"23/03/07", "343", "1.8", "27.3", "76.5", "30.0", "1008.6", "0.0", ""
"23/03/08", "215", "1.4", "28.2", "78.2", "32.2", "1007.8", "0.0", ""
"23/03/09", "209", "1.4", "28.3", "77.9", "32.5", "1007.0", "0.0", ""
"23/03/10", "227", "1.5", "28.3", "79.4", "32.7", "1006.5", "0.0", ""
"23/03/11", "211", "1.7", "28.2", "79.9", "32.7", "1006.7", "0.0", ""
"23/03/12", "210", "2.0", "28.2", "80.4", "32.8", "1006.7", "8.2", ""
"23/03/13", "42", "2.2", "26.7", "83.4", "29.3", "1006.5", "0.8", ""
"23/03/14", "44", "2.2", "26.9", "77.3", "29.2", "1005.1", "0.0", ""
"23/03/15", "185", "2.4", "28.4", "76.2", "32.4", "1006.1", "0.2", ""
"23/03/16", "194", "2.0", "28.4", "76.2", "32.5", "1006.9", "0.0", ""
"23/03/17", "202", "1.9", "28.5", "76.8", "32.9", "1006.3", "0.0", ""
"23/03/18", "200", "1.9", "28.9", "76.1", "33.6", "1005.1", "0.0", ""
"23/03/19", "210", "1.9", "28.6", "80.4", "33.6", "1004.6", "0.0", ""
"23/03/20", "201", "2.1", "29.1", "78.2", "34.7", "1004.2", "0.0", ""
"23/03/21", "194", "2.2", "29.5", "77.1", "35.4", "1003.9", "0.0", ""
"23/03/22", "191", "2.2", "29.4", "76.9", "35.2", "1002.7", "0.0", ""
"23/03/23", "187", "2.0", "29.4", "75.6", "35.0", "1003.1", "0.0", ""
"23/03/24", "", "", "30.0", "77.0", "36.7", "1003.5", "0.0", ""
"23/03/25", "", "", "29.6", "77.8", "35.9", "1003.9", "0.0", ""
"23/03/26", "", "", "29.5", "76.9", "35.5", "1003.1", "0.0", ""
"23/03/27", "188", "2.3", "30.0", "74.0", "35.9", "1003.9", "0.0", ""
"23/03/28", "", "", "29.3", "78.3", "35.3", "1005.3", "0.0", ""
"23/03/29", "", "", "28.6", "81.2", "33.8", "1005.4", "1.6", ""
"23/03/30", "", "", "29.6", "76.6", "35.7", "1003.8", "0.0", ""
"23/03/31", "", "", "30.0", "76.3", "36.6", "1003.8", "0.0", ""
"23/04/01", "", "", "29.8", "75.6", "35.8", "1003.8", "0.0", ""
"23/04/02", "", "", "29.8", "73.2", "35.3", "1003.1", "0.0", ""
"23/04/03", "", "", "30.3", "73.1", "36.7", "1002.9", "0.0", ""
"23/04/04", "", "", "30.5", "73.0", "37.2", "1002.2", "0.0", ""
"23/04/05", "", "", "30.2", "75.4", "37.1", "1002.8", "0.0", ""
"23/04/06", "", "", "31.1", "71.5", "38.3", "1003.2", "0.0", ""
"23/04/07", "", "", "27.9", "84.4", "32.5", "1005.7", "14.0", ""
"23/04/08", "", "", "30.3", "76.4", "37.5", "1006.9", "0.0", ""
"23/04/09", "", "", "30.2", "76.0", "37.1", "1006.4", "0.0", ""
"23/04/10", "", "", "30.4", "76.2", "37.6", "1005.0", "0.0", ""
"23/04/11", "", "", "30.4", "80.9", "39.3", "1003.8", "0.0", ""
"23/04/12", "189", "2.0", "30.4", "82.1", "39.7", "1003.0", "0.0", ""
"23/04/13", "182", "1.9", "31.0", "78.9", "40.5", "1003.0", "0.0", ""
"23/04/14", "180", "1.9", "30.8", "75.3", "38.7", "1002.4", "0.0", ""
"23/04/15", "182", "2.0", "31.2", "74.4", "39.7", "1002.0", "0.0", ""
"23/04/16", "186", "2.0", "29.3", "79.8", "35.4", "1002.7", "0.0", ""
"23/04/17", "187", "1.7", "30.8", "74.9", "38.5", "1003.7", "0.0", ""
"23/04/18", "195", "2.3", "31.1", "73.8", "39.1", "1003.7", "0.0", ""
"23/04/19", "194", "2.2", "30.9", "77.9", "39.8", "1000.5", "0.0", ""
"23/04/20", "213", "2.3", "31.5", "73.1", "40.1", "999.4", "0.0", ""
"23/04/21", "194", "1.9", "31.7", "70.3", "39.6", "1000.0", "0.0", ""
"23/04/22", "187", "1.8", "31.7", "72.1", "40.4", "1000.9", "0.0", ""
"23/04/23", "205", "2.0", "31.2", "75.1", "40.0", "1003.4", "0.0", ""
"23/04/24", "321", "2.3", "30.3", "72.7", "36.5", "1004.3", "0.0", ""
"23/04/25", "201", "2.6", "30.2", "75.0", "36.9", "1002.8", "0.0", ""
"23/04/26", "36", "2.2", "26.6", "88.6", "29.5", "1003.7", "2.8", ""
"23/04/27", "228", "1.6", "30.1", "77.2", "37.0", "1004.0", "0.0", ""
"23/04/28", "213", "1.6", "30.5", "77.3", "38.4", "1003.2", "0.0", ""
"23/04/29", "196", "1.8", "30.6", "78.3", "38.9", "1002.6", "3.2", ""
"23/04/30", "302", "4.1", "26.2", "92.7", "28.7", "1004.3", "0.4", ""
"23/06/01", "247", "5.6", "35.2", "49.8", "41.1", "995.7", "0.0", ""
"23/06/29", "209", "1.3", "29.2", "82.7", "36.0", "1001.3", "0.4", ""
"23/06/30", "203", "1.6", "29.5", "82.8", "36.9", "1001.2", "4.2", ""
"23/07/01", "209", "1.3", "28.4", "86.0", "34.3", "1002.6", "0.0", ""
"23/07/02", "213", "1.8", "29.1", "79.5", "34.9", "1003.5", "0.4", ""
"23/07/03", "238", "1.3", "28.0", "83.8", "32.8", "1004.2", "2.6", ""
"23/07/04", "221", "0.8", "28.6", "81.3", "33.8", "1003.5", "0.2", ""
"23/07/05", "236", "1.8", "29.4", "75.9", "34.9", "1003.8", "0.0", ""
"23/07/06", "239", "1.7", "29.8", "75.1", "35.9", "1004.1", "0.0", ""
"23/07/07", "193", "1.3", "28.3", "89.2", "34.6", "1003.7", "40.0", ""
"23/07/08", "151", "1.1", "27.2", "94.2", "31.8", "1003.6", "4.8", ""
"23/07/09", "102", "1.4", "25.8", "97.2", "27.6", "1003.5", "19.0", ""
"23/07/10", "208", "1.1", "27.1", "89.0", "31.0", "1004.0", "43.4", ""
"23/07/11", "226", "1.0", "28.1", "87.0", "33.5", "1004.1", "0.4", ""
"23/07/12", "231", "1.2", "29.2", "81.9", "35.8", "1004.3", "0.0", ""
"23/07/13", "252", "1.8", "29.2", "80.5", "35.3", "1003.7", "0.0", ""
"23/07/14", "254", "2.4", "28.9", "76.8", "33.7", "1003.3", "0.0", ""
"23/07/15", "245", "1.7", "29.7", "73.3", "35.2", "1001.6", "0.0", ""
"23/07/16", "250", "3.2", "29.6", "70.6", "34.2", "1000.1", "0.0", ""
"23/07/17", "244", "3.0", "29.0", "72.0", "33.2", "999.6", "0.0", ""
"23/07/18", "240", "2.9", "29.1", "73.3", "33.7", "999.9", "0.0", ""
"23/07/19", "247", "2.1", "27.6", "81.8", "31.4", "1000.6", "12.4", ""
"23/07/20", "244", "1.6", "27.3", "87.1", "31.3", "1001.6", "103.8", ""
"23/07/21", "219", "0.9", "25.0", "98.4", "25.5", "1003.1", "32.0", ""
"23/07/22", "359", "1.6", "25.6", "96.9", "27.2", "1003.8", "67.4", ""
"23/07/23", "319", "1.3", "25.0", "98.7", "25.4", "1003.1", "23.8", ""
"23/07/24", "240", "1.1", "27.3", "87.5", "31.2", "1002.8", "1.6", ""
"23/07/25", "245", "1.6", "28.2", "81.4", "32.7", "1003.4", "0.0", ""
"23/07/26", "245", "1.6", "28.7", "79.4", "33.8", "1003.3", "0.0", ""
"23/07/27", "253", "2.5", "29.3", "75.7", "34.6", "1002.0", "0.0", ""
"23/07/28", "234", "1.6", "29.2", "79.2", "35.1", "1000.4", "0.0", ""
"23/07/29", "224", "1.4", "28.7", "84.7", "34.8", "1000.7", "8.0", ""
"23/07/30", "222", "1.7", "28.1", "86.6", "33.6", "1001.7", "5.8", ""
"23/07/31", "219", "1.4", "27.7", "88.8", "32.6", "1003.0", "12.8", ""
"23/08/01", "208", "2.0", "29.4", "81.4", "36.3", "1003.1", "0.0", ""
"23/08/02", "220", "1.8", "28.5", "85.5", "34.4", "1003.4", "0.0", ""
"23/08/03", "224", "1.5", "28.1", "85.7", "33.4", "1004.1", "0.0", ""
"23/08/04", "224", "1.5", "28.9", "82.0", "34.9", "1006.1", "0.0", ""
"23/08/05", "224", "1.6", "28.7", "81.3", "34.2", "1006.0", "0.0", ""
"23/08/06", "228", "1.7", "28.4", "83.1", "33.8", "1004.3", "0.0", ""
"23/08/07", "221", "1.7", "28.7", "80.9", "34.2", "1003.3", "0.0", ""
"23/08/08", "228", "1.6", "28.6", "82.2", "34.2", "1004.4", "0.0", ""
"23/08/09", "233", "1.5", "29.0", "82.3", "35.2", "1005.3", "0.0", ""
"23/08/10", "230", "1.4", "29.1", "80.2", "35.1", "1004.6", "0.0", ""
"23/08/11", "225", "1.3", "29.2", "80.7", "35.5", "1003.3", "0.0", ""
"23/08/12", "232", "1.3", "28.5", "83.5", "34.1", "1002.9", "0.0", ""
"23/08/13", "227", "1.3", "29.3", "80.7", "35.8", "1002.7", "0.0", ""
"23/08/14", "228", "1.4", "29.3", "80.2", "35.6", "1002.9", "0.2", ""
"23/08/15", "227", "1.5", "28.8", "77.3", "33.7", "1003.6", "0.0", ""
"23/08/16", "231", "1.6", "29.0", "77.0", "34.1", "1003.8", "0.0", ""
"23/08/17", "252", "1.9", "28.8", "76.6", "33.5", "1003.7", "0.0", ""
"23/08/18", "259", "2.9", "29.6", "75.2", "35.3", "1002.5", "0.0", ""
"23/08/19", "272", "3.3", "30.4", "73.2", "37.0", "1001.4", "0.0", ""
"23/08/20", "214", "1.5", "28.8", "80.9", "34.5", "1001.6", "2.2", ""
"23/08/21", "205", "1.2", "26.4", "92.0", "29.1", "1003.1", "9.8", ""
"23/08/22", "229", "1.1", "28.6", "82.7", "34.1", "1003.5", "0.4", ""
"23/08/23", "234", "1.0", "28.3", "81.9", "33.3", "1003.1", "1.0", ""
"23/08/24", "247", "1.1", "27.9", "85.5", "32.6", "1003.5", "0.4", ""
"23/08/25", "247", "1.7", "28.4", "82.2", "33.4", "1003.9", "0.0", ""
"23/08/26", "255", "2.0", "28.5", "79.8", "33.3", "1003.6", "0.0", ""
"23/08/27", "252", "2.8", "29.5", "75.2", "35.1", "1002.3", "0.0", ""
"23/08/28", "233", "1.4", "29.5", "76.9", "35.5", "1001.3", "0.0", ""
"23/08/29", "219", "1.2", "29.3", "76.5", "34.9", "1001.6", "0.0", ""
"23/08/30", "230", "1.5", "29.3", "78.9", "35.3", "1002.4", "0.0", ""
"23/08/31", "283", "2.1", "28.3", "81.8", "33.3", "1002.5", "0.6", ""
"23/09/01", "236", "1.7", "28.8", "80.9", "34.3", "1001.8", "0.0", ""
"23/09/02", "240", "1.8", "29.1", "76.2", "34.2", "1000.5", "0.0", ""
"23/09/03", "224", "1.7", "29.7", "75.2", "35.6", "999.3", "0.0", ""
"23/09/04", "227", "1.9", "29.7", "73.9", "35.3", "999.9", "0.0", ""
"23/09/05", "245", "2.0", "28.8", "75.4", "33.3", "1002.7", "0.0", ""
"23/09/06", "245", "1.7", "28.6", "80.1", "33.7", "1004.3", "0.0", ""
"23/09/07", "259", "1.9", "28.8", "79.8", "34.1", "1004.2", "0.0", ""
"23/09/08", "282", "2.3", "28.5", "80.9", "33.6", "1003.4", "0.4", ""
"23/09/09", "237", "2.1", "29.7", "74.1", "35.3", "1001.6", "0.0", ""
"23/09/10", "226", "1.8", "28.4", "77.9", "32.8", "1002.7", "0.0", ""
"23/09/11", "218", "2.0", "28.5", "77.0", "32.9", "1004.0", "0.0", ""
"23/09/12", "227", "1.9", "28.6", "75.8", "32.8", "1005.1", "0.0", ""
"23/09/13", "223", "1.3", "28.3", "82.9", "33.5", "1004.6", "2.6", ""
"23/09/14", "232", "1.2", "27.3", "87.7", "31.2", "1003.9", "12.0", ""
"23/09/15", "231", "1.4", "27.4", "85.2", "31.2", "1003.0", "0.0", ""
"23/09/16", "218", "1.7", "28.5", "78.6", "33.2", "1002.9", "0.0", ""
"23/09/17", "218", "1.8", "28.1", "82.3", "32.7", "1003.5", "0.0", ""
"23/09/18", "228", "1.0", "27.9", "84.2", "32.4", "1005.5", "0.0", ""
"23/09/19", "349", "1.3", "28.1", "86.9", "33.5", "1005.7", "4.0", ""
"23/09/20", "2", "2.4", "25.8", "92.6", "27.6", "1004.5", "45.0", ""
"23/09/21", "360", "3.1", "26.1", "89.1", "28.3", "1004.8", "23.0", ""
"23/09/22", "337", "1.5", "27.9", "85.7", "32.7", "1004.1", "0.4", ""
"23/09/23", "15", "1.5", "27.7", "87.6", "32.4", "1003.6", "33.6", ""
"23/09/24", "10", "1.1", "26.5", "97.2", "30.0", "1002.5", "12.4", ""
"23/09/25", "15", "1.2", "26.5", "95.1", "29.8", "1001.2", "0.8", ""
"23/09/26", "249", "1.4", "26.8", "92.8", "30.4", "1001.2", "0.4", ""
"23/09/27", "218", "1.9", "27.0", "89.4", "30.6", "1001.9", "0.4", ""
"23/09/28", "206", "1.6", "26.7", "89.4", "29.8", "1004.6", "0.4", ""
"23/09/29", "247", "1.0", "26.5", "92.3", "29.5", "1007.2", "0.2", ""
"23/09/30", "244", "1.0", "27.7", "86.3", "32.1", "1006.2", "0.0", ""
"23/10/01", "243", "1.4", "27.8", "86.3", "32.6", "1005.0", "0.2", ""
"23/10/02", "294", "1.8", "27.5", "89.1", "32.0", "1005.5", "0.0", ""
"23/10/03", "338", "1.5", "25.5", "97.8", "26.7", "1005.5", "0.0", ""
"23/10/04", "332", "2.0", "26.2", "95.0", "28.8", "1004.4", "0.0", ""
"23/10/05", "183", "1.2", "26.6", "95.0", "29.9", "1003.6", "0.2", ""
"23/10/06", "231", "1.1", "27.7", "88.9", "32.6", "1004.5", "0.0", ""
"23/10/07", "244", "1.1", "27.5", "87.5", "32.0", "1005.8", "0.0", ""
"23/10/08", "245", "1.0", "27.6", "86.2", "32.0", "1006.7", "0.0", ""
"23/10/09", "299", "1.3", "27.4", "86.3", "31.4", "1006.5", "0.0", ""
"23/10/10", "30", "1.9", "25.9", "95.0", "28.0", "1006.0", "0.0", ""
"23/10/11", "25", "1.7", "26.8", "91.5", "30.3", "1006.8", "0.0", ""
"23/10/12", "3", "1.5", "25.8", "94.3", "27.8", "1007.6", "0.0", ""
"23/10/13", "358", "2.3", "28.7", "84.8", "34.8", "1006.3", "0.0", ""
"23/10/14", "344", "2.5", "29.1", "78.0", "34.6", "1004.7", "0.0", ""
"23/10/15", "341", "2.1", "27.2", "88.0", "31.2", "1004.2", "0.0", ""
"23/10/16", "36", "1.9", "26.9", "91.0", "30.5", "1005.1", "0.0", ""
"23/10/17", "15", "1.4", "27.8", "84.9", "32.3", "1006.3", "0.0", ""
"23/10/18", "10", "1.1", "25.5", "96.9", "26.8", "1006.8", "0.0", ""
"23/10/19", "18", "1.6", "26.7", "93.6", "30.1", "1006.6", "0.2", ""
"23/10/20", "20", "2.3", "27.2", "86.4", "30.8", "1006.3", "0.0", ""
"23/10/21", "31", "2.7", "27.2", "85.6", "30.9", "1007.9", "0.0", ""
"23/10/22", "341", "2.2", "26.5", "90.2", "29.3", "1008.5", "0.0", ""
"23/10/23", "13", "1.6", "27.7", "85.4", "32.2", "1007.3", "0.0", ""
"23/10/24", "24", "2.5", "28.4", "79.7", "33.1", "1006.5", "0.0", ""
"23/10/25", "6", "1.7", "27.3", "86.6", "31.1", "1006.7", "0.0", ""
"23/10/26", "119", "1.6", "28.0", "83.8", "32.7", "1006.8", "0.0", ""
"23/10/27", "18", "1.3", "27.4", "88.4", "31.6", "1006.2", "0.0", ""
"23/10/28", "345", "1.8", "27.5", "87.7", "31.8", "1006.1", "0.0", ""
"23/10/29", "27", "1.9", "26.3", "90.4", "28.9", "1006.1", "0.0", ""
"23/10/30", "26", "3.1", "27.0", "86.7", "30.4", "1006.3", "0.0", ""
"23/10/31", "21", "3.9", "27.5", "82.8", "31.2", "1007.2", "0.0", ""
"23/11/01", "8", "3.4", "28.2", "79.1", "32.3", "1007.1", "0.0", ""
"23/11/02", "14", "2.1", "27.5", "81.6", "31.0", "1006.2", "0.0", ""
"23/11/03", "37", "1.9", "27.7", "83.2", "31.9", "1004.8", "0.0", ""
"23/11/04", "26", "1.7", "25.2", "94.4", "26.1", "1005.5", "0.0", ""
"23/11/05", "29", "2.2", "27.2", "85.3", "30.7", "1006.6", "0.0", ""
"23/11/27", "26", "0.0", "26.5", "56.0", "27.3", "1010.0", "0.0", ""
"23/11/28", "18", "0.0", "26.0", "50.7", "26.6", "1010.0", "0.0", ""
"23/11/29", "15", "0.0", "25.9", "58.4", "26.8", "1010.4", "0.0", ""
"23/11/30", "15", "0.0", "25.8", "56.0", "26.6", "1010.2", "0.0", ""
"23/12/01", "18", "0.0", "23.9", "47.5", "25.4", "1011.2", "0.0", ""
"23/12/02", "40", "3.4", "28.0", "74.4", "31.2", "1006.2", "1.0", ""
"23/12/03", "38", "2.8", "27.7", "81.1", "31.4", "1006.8", "0.0", ""
"23/12/04", "37", "2.4", "26.7", "86.2", "29.6", "1006.5", "0.0", ""
"23/12/05", "20", "2.1", "26.6", "88.4", "29.4", "1006.7", "0.0", ""
"23/12/06", "354", "1.7", "27.6", "85.6", "31.8", "1006.9", "0.0", ""
"23/12/07", "20", "2.8", "26.6", "84.9", "29.3", "1007.2", "0.0", ""
"23/12/08", "347", "1.5", "27.2", "79.1", "30.2", "1007.0", "0.0", ""
"23/12/09", "2", "1.4", "26.9", "84.7", "29.9", "1005.9", "0.0", ""
"23/12/10", "20", "1.4", "27.2", "84.3", "30.7", "1005.4", "0.0", ""
"23/12/11", "358", "1.5", "26.9", "86.5", "30.2", "1005.8", "0.0", ""
"23/12/12", "358", "1.3", "27.3", "84.7", "31.1", "1006.1", "0.0", ""
"23/12/13", "33", "2.0", "27.3", "80.2", "30.3", "1007.4", "0.0", ""
"23/12/14", "15", "2.2", "27.7", "74.2", "30.7", "1007.6", "0.0", ""
"23/12/15", "8", "1.9", "28.1", "73.1", "31.4", "1006.9", "0.0", ""
"23/12/16", "29", "1.9", "27.8", "78.1", "31.3", "1007.0", "0.0", ""
"23/12/17", "29", "2.6", "28.0", "73.2", "31.0", "1007.3", "0.0", ""
"23/12/18", "14", "3.2", "27.4", "72.3", "29.8", "1008.2", "0.0", ""
"23/12/19", "24", "2.4", "27.5", "73.8", "30.1", "1007.9", "0.0", ""
"23/12/20", "33", "3.3", "27.7", "71.3", "30.2", "1007.1", "0.0", ""
"23/12/21", "33", "4.5", "26.1", "62.4", "27.1", "1008.8", "0.0", ""
"23/12/22", "26", "6.2", "23.4", "58.0", "25.0", "1011.0", "0.0", ""
"23/12/23", "19", "6.6", "23.9", "53.8", "25.3", "1011.8", "0.0", ""
"23/12/24", "17", "6.8", "23.2", "58.1", "24.9", "1012.3", "0.0", ""
"23/12/25", "19", "6.0", "24.2", "54.3", "25.5", "1011.6", "0.0", ""
"23/12/26", "17", "5.0", "25.2", "57.9", "26.2", "1011.5", "0.0", ""
"23/12/27", "20", "3.9", "26.2", "62.3", "27.2", "1010.6", "0.0", ""
"23/12/28", "14", "3.6", "27.4", "62.9", "28.9", "1009.1", "0.0", ""
"23/12/29", "20", "3.1", "27.7", "64.9", "29.4", "1007.8", "0.0", ""
"23/12/30", "18", "2.7", "28.0", "69.2", "30.7", "1007.2", "0.0", ""
"23/12/31", "33", "2.0", "27.4", "72.4", "29.7", "1007.0", "0.0", ""
"24/01/01", "29", "2.1", "27.7", "74.6", "30.8", "1007.2", "0.0", ""
"24/01/02", "6", "2.0", "27.2", "75.2", "29.7", "1006.9", "0.0", ""
"24/01/03", "20", "2.3", "27.1", "69.5", "29.0", "1006.7", "0.0", ""
"24/01/04", "5", "2.0", "27.2", "70.5", "29.2", "1007.6", "0.0", ""
"24/01/05", "19", "2.3", "27.0", "70.8", "28.9", "1007.9", "0.0", ""
"24/01/06", "14", "2.0", "26.8", "70.1", "28.5", "1008.1", "0.0", ""
"24/01/07", "18", "1.9", "27.0", "70.0", "28.9", "1008.0", "0.0", ""
"24/01/08", "2", "1.6", "27.1", "70.7", "29.1", "1007.6", "0.0", ""
"24/01/09", "256", "1.3", "26.9", "77.5", "29.2", "1006.8", "0.0", ""
"24/01/10", "24", "1.3", "27.0", "83.1", "30.1", "1006.3", "0.0", ""
"24/01/11", "356", "1.3", "27.3", "85.1", "31.1", "1007.0", "0.0", ""
"24/01/12", "286", "1.4", "27.4", "86.3", "31.5", "1006.4", "0.0", ""
"24/01/13", "56", "1.6", "26.7", "84.7", "29.4", "1007.3", "0.0", ""
"24/01/14", "33", "1.9", "26.6", "81.4", "28.9", "1007.8", "0.0", ""
"24/01/15", "10", "2.4", "26.6", "71.3", "28.2", "1007.6", "0.0", ""
"24/01/16", "29", "2.5", "27.3", "66.2", "29.0", "1007.0", "0.0", ""
"24/01/17", "14", "2.3", "26.6", "69.0", "28.2", "1007.2", "0.0", ""
"24/01/18", "22", "2.1", "27.1", "64.4", "28.5", "1006.7", "0.0", ""
"24/01/19", "38", "1.7", "27.3", "71.8", "29.6", "1006.4", "0.0", ""
"24/01/20", "232", "1.3", "27.3", "80.2", "30.5", "1007.2", "0.0", ""
"24/01/21", "46", "1.2", "27.1", "82.7", "30.3", "1007.8", "0.0", ""
"24/01/22", "311", "1.8", "27.6", "78.5", "31.0", "1008.5", "0.0", ""
"24/01/23", "64", "1.9", "26.2", "85.0", "28.2", "1009.3", "2.0", ""
"24/01/24", "8", "3.2", "25.5", "63.3", "26.5", "1010.5", "0.0", ""
"24/01/25", "360", "3.4", "26.3", "64.5", "27.4", "1011.8", "0.0", ""
"24/01/26", "13", "2.5", "26.1", "69.2", "27.3", "1011.9", "0.0", ""
"24/01/27", "20", "1.9", "26.3", "71.8", "27.9", "1010.7", "0.0", ""
"24/01/28", "51", "2.2", "27.1", "68.5", "29.0", "1010.8", "0.0", ""
"24/01/29", "10", "1.8", "27.1", "70.9", "29.1", "1010.3", "0.0", ""
"24/01/30", "323", "1.8", "26.7", "81.1", "29.1", "1010.2", "0.0", ""
"24/01/31", "254", "1.1", "27.0", "82.4", "30.0", "1009.6", "0.0", ""
"24/02/01", "215", "1.3", "27.2", "83.9", "30.6", "1009.6", "0.0", ""
"24/02/02", "218", "1.4", "27.8", "83.3", "32.2", "1008.8", "0.0", ""
"24/02/03", "203", "1.5", "28.4", "79.8", "33.2", "1009.0", "0.0", ""
"24/02/04", "221", "1.5", "28.2", "83.1", "33.2", "1009.2", "0.0", ""
"24/02/05", "208", "1.2", "28.4", "84.4", "33.9", "1009.1", "0.0", ""
"24/02/06", "213", "1.3", "28.2", "83.3", "33.3", "1008.9", "0.0", ""
"24/02/07", "201", "1.3", "28.4", "82.5", "33.5", "1007.4", "0.0", ""
"24/02/08", "195", "1.8", "29.0", "78.1", "34.3", "1007.1", "0.0", ""
"24/02/09", "188", "1.9", "29.0", "79.5", "34.5", "1009.2", "0.0", ""
"24/02/10", "1", "2.3", "26.5", "85.1", "29.0", "1011.3", "0.0", ""
"24/02/11", "9", "3.1", "26.4", "64.3", "27.5", "1012.3", "0.0", ""
"24/02/12", "22", "2.8", "26.1", "63.3", "27.2", "1011.5", "0.0", ""
"24/02/13", "5", "2.6", "27.2", "62.3", "28.5", "1009.4", "0.0", ""
"24/02/14", "307", "1.6", "27.4", "77.3", "30.3", "1008.8", "0.0", ""
"24/02/15", "205", "1.6", "28.8", "79.0", "34.0", "1009.0", "0.0", ""
"24/02/16", "208", "1.7", "28.7", "79.2", "33.8", "1008.3", "0.0", ""
"24/02/17", "188", "2.7", "28.1", "77.4", "32.1", "1007.6", "0.0", ""
"24/02/18", "195", "2.1", "28.2", "75.6", "32.0", "1007.9", "0.0", ""
"24/02/19", "197", "2.0", "28.4", "78.2", "32.9", "1007.6", "0.0", ""
"24/02/20", "200", "2.3", "28.7", "77.9", "33.4", "1006.9", "0.0", ""
"24/02/21", "190", "2.8", "28.8", "77.7", "33.6", "1006.8", "0.0", ""
"24/02/22", "193", "2.4", "29.1", "76.5", "34.2", "1007.8", "0.0", ""
"24/02/23", "202", "2.0", "28.7", "79.2", "33.8", "1008.0", "0.0", ""
"24/02/24", "213", "1.9", "28.8", "77.4", "33.7", "1007.9", "0.0", ""
"24/02/25", "220", "1.9", "28.6", "79.8", "33.6", "1007.7", "0.0", ""
"24/02/26", "182", "1.9", "28.7", "79.7", "33.8", "1006.9", "0.0", ""
"24/02/27", "197", "1.9", "29.1", "75.6", "34.1", "1006.9", "0.0", ""
"24/02/28", "216", "2.2", "28.6", "80.6", "33.9", "1006.0", "0.0", ""
"24/02/29", "200", "2.2", "28.2", "80.2", "32.6", "1006.7", "0.0", ""
"24/03/01", "213", "2.0", "28.9", "78.4", "34.0", "1006.9", "0.0", ""
"24/03/02", "213", "2.2", "29.1", "78.3", "34.5", "1007.0", "0.0", ""
"24/03/03", "210", "1.8", "28.6", "83.4", "34.3", "1005.9", "0.0", ""
"24/03/04", "202", "2.3", "29.3", "80.3", "35.7", "1005.9", "0.0", ""
"24/03/05", "196", "1.9", "29.1", "81.4", "35.5", "1004.6", "0.0", ""
"24/03/06", "191", "2.0", "29.2", "80.1", "35.2", "1003.9", "0.0", ""
"24/03/07", "193", "2.0", "29.6", "79.0", "36.3", "1003.8", "0.0", ""
"24/03/08", "185", "2.5", "29.6", "77.1", "35.8", "1005.4", "0.0", ""
"24/03/09", "193", "2.0", "28.8", "77.4", "33.6", "1006.7", "0.0", ""
"24/03/10", "195", "2.1", "29.0", "78.1", "34.3", "1008.4", "0.0", ""
"24/03/11", "201", "2.0", "29.4", "76.3", "35.0", "1008.2", "0.0", ""
"24/03/12", "202", "1.9", "28.2", "83.2", "33.1", "1008.2", "0.0", ""
"24/03/13", "189", "2.3", "28.7", "77.1", "33.3", "1007.8", "0.0", ""
"24/03/14", "191", "2.1", "29.6", "76.5", "35.5", "1006.8", "0.0", ""
"24/03/15", "187", "2.5", "29.2", "80.0", "35.3", "1007.0", "0.0", ""
"24/03/16", "203", "1.7", "27.7", "80.0", "31.4", "1008.4", "0.0", ""
"24/03/17", "202", "1.4", "29.1", "74.5", "33.8", "1007.2", "0.0", ""
"24/03/18", "201", "1.6", "29.1", "78.9", "34.9", "1006.4", "0.0", ""
"24/03/19", "203", "1.8", "28.4", "82.3", "33.5", "1007.6", "0.0", ""
"24/03/20", "12", "2.9", "24.7", "94.0", "24.7", "1009.1", "0.0", ""
"24/03/21", "275", "1.8", "27.0", "82.1", "29.9", "1006.3", "0.0", ""
"24/03/22", "198", "1.8", "27.4", "82.5", "31.1", "1004.7", "0.0", ""
"24/03/23", "182", "1.5", "28.3", "82.6", "33.3", "1005.4", "0.0", ""
"24/03/24", "198", "1.5", "29.5", "77.4", "35.6", "1006.7", "0.0", ""
"24/03/25", "191", "1.5", "29.4", "80.1", "35.9", "1006.5", "0.0", ""
"24/03/26", "198", "1.4", "29.2", "79.2", "35.2", "1008.2", "0.0", ""
"24/03/27", "227", "1.5", "28.4", "85.3", "34.2", "1008.7", "0.0", ""
"24/03/28", "198", "1.3", "29.9", "77.8", "36.9", "1006.4", "0.0", ""
"24/03/29", "206", "1.3", "29.5", "81.4", "36.6", "1006.9", "0.0", ""
"24/03/30", "204", "1.4", "29.6", "80.0", "36.3", "1008.3", "0.0", ""
"24/03/31", "193", "1.5", "30.0", "76.0", "36.6", "1006.6", "0.0", ""
"24/04/01", "191", "1.7", "30.1", "80.4", "38.2", "1004.2", "0.0", ""
"24/04/02", "183", "1.8", "30.2", "77.5", "37.5", "1003.9", "0.0", ""
"24/04/03", "184", "1.7", "30.1", "77.5", "37.3", "1004.5", "0.0", ""
"24/04/04", "192", "1.7", "30.1", "79.4", "37.8", "1003.7", "0.0", ""
"24/04/05", "193", "1.7", "30.3", "78.7", "38.3", "1003.5", "0.0", ""
"24/04/06", "194", "1.8", "30.4", "76.9", "38.0", "1003.6", "0.0", ""
"24/04/07", "200", "1.7", "30.5", "77.2", "38.3", "1003.8", "0.0", ""
"24/04/08", "196", "1.3", "30.9", "71.5", "37.9", "1004.4", "0.0", ""
"24/04/09", "198", "1.5", "31.0", "74.6", "39.1", "1004.9", "0.0", ""
"24/04/10", "208", "1.7", "30.9", "77.1", "39.5", "1005.8", "0.0", ""
"24/04/11", "214", "1.3", "30.1", "80.3", "38.0", "1005.9", "0.0", ""
"24/04/12", "209", "1.4", "30.3", "77.8", "38.1", "1005.1", "0.0", ""
"24/04/13", "198", "1.8", "30.6", "75.5", "38.1", "1005.1", "0.0", ""
"24/04/14", "195", "1.8", "30.5", "76.4", "38.0", "1005.7", "0.0", ""
"24/04/15", "198", "1.7", "30.5", "75.6", "37.8", "1005.8", "0.0", ""
"24/04/16", "201", "1.8", "30.6", "74.8", "37.9", "1004.5", "0.0", ""
"24/04/17", "200", "1.9", "31.1", "71.1", "38.2", "1004.2", "0.0", ""
"24/04/18", "194", "2.0", "30.7", "74.7", "38.3", "1002.7", "0.0", ""
"24/04/19", "189", "2.1", "30.7", "77.0", "38.8", "1001.8", "0.0", ""
"24/04/20", "191", "2.0", "30.7", "79.0", "39.4", "1002.0", "0.0", ""
"24/04/21", "186", "1.8", "31.5", "69.8", "38.9", "1002.4", "0.0", ""
"24/04/22", "192", "2.0", "31.0", "76.8", "39.9", "1002.4", "0.0", ""
"24/04/23", "191", "1.9", "30.8", "75.1", "38.5", "1002.3", "0.0", ""
"24/04/24", "192", "1.9", "31.1", "72.6", "38.5", "1002.8", "0.0", ""
"24/04/25", "193", "1.7", "30.9", "72.8", "38.1", "1002.5", "0.0", ""
"24/04/26", "190", "1.8", "31.0", "74.0", "39.0", "1002.3", "0.0", ""
"24/04/27", "193", "2.1", "31.6", "74.5", "40.9", "1002.1", "0.0", ""
"24/04/28", "193", "2.0", "31.5", "74.3", "40.6", "1003.8", "0.0", ""
"24/04/29", "196", "2.1", "31.7", "74.3", "41.0", "1002.9", "0.0", ""
"24/04/30", "190", "2.2", "31.5", "77.3", "41.5", "1001.2", "0.0", ""
"24/05/01", "188", "2.3", "32.0", "74.0", "42.0", "1000.7", "0.0", ""
"24/05/02", "191", "2.1", "31.3", "77.7", "41.2", "1002.1", "0.0", ""
"24/05/03", "189", "1.9", "31.7", "75.3", "41.5", "1003.0", "0.0", ""
"24/05/04", "185", "2.3", "31.4", "77.6", "41.3", "1002.2", "0.0", ""
"24/05/05", "182", "2.0", "32.1", "74.6", "42.4", "1002.5", "0.0", ""
"24/05/06", "191", "1.9", "32.0", "72.6", "41.3", "1003.9", "0.0", ""
"24/05/07", "31", "2.5", "24.3", "98.3", "23.5", "1006.3", "0.0", ""
"24/05/08", "11", "1.4", "29.7", "78.1", "36.1", "1004.3", "0.0", ""
"24/05/09", "356", "2.1", "28.6", "83.1", "34.4", "1004.8", "0.0", ""
"24/05/10", "168", "2.0", "29.7", "79.7", "36.6", "1005.6", "0.2", ""
"24/05/11", "12", "2.3", "27.9", "87.7", "33.0", "1006.3", "0.0", ""
"24/05/12", "240", "1.8", "31.4", "72.8", "39.7", "1004.6", "31.2", ""
"24/05/19", "304", "1.7", "28.3", "86.6", "34.2", "1000.6", "0.0", ""
"24/05/20", "68", "1.7", "28.8", "87.8", "35.8", "1001.2", "3.2", ""
"24/05/21", "76", "1.8", "26.8", "93.4", "30.4", "1002.5", "112.4", ""
"24/05/22", "128", "1.9", "27.3", "92.0", "31.8", "1002.8", "34.2", ""
"24/05/23", "107", "2.2", "26.7", "93.9", "30.2", "1002.6", "93.0", ""
"24/05/24", "162", "1.0", "27.9", "88.2", "33.1", "1003.1", "2.0", ""
"24/05/25", "142", "1.2", "27.4", "90.8", "32.2", "1004.0", "19.8", ""
"24/05/26", "172", "1.3", "29.1", "85.9", "36.5", "1004.0", "4.0", ""
"24/05/27", "225", "1.2", "30.4", "79.2", "38.7", "1003.0", "0.2", ""
"24/05/28", "224", "1.3", "30.8", "74.7", "38.4", "1002.8", "0.0", ""
"24/05/29", "223", "1.0", "30.5", "77.8", "38.7", "1002.3", "0.0", ""
"24/05/30", "231", "1.9", "31.0", "74.3", "38.9", "1002.0", "0.0", ""
"24/05/31", "220", "2.1", "29.0", "86.4", "36.1", "1003.2", "42.4", ""
"24/06/01", "220", "1.5", "28.7", "84.2", "34.7", "1005.6", "0.4", ""
"24/06/02", "233", "1.1", "29.6", "77.0", "35.6", "1006.2", "0.0", ""
"24/06/03", "234", "0.9", "29.6", "80.5", "36.6", "1005.0", "0.0", ""
"24/06/04", "226", "1.4", "30.2", "80.4", "38.5", "1004.1", "0.8", ""
"24/06/05", "230", "1.2", "29.3", "81.0", "35.9", "1005.0", "0.2", ""
"24/06/06", "224", "1.1", "29.9", "77.8", "36.8", "1005.1", "0.0", ""
"24/06/07", "230", "1.3", "30.0", "75.2", "36.5", "1003.4", "0.0", ""
"24/06/08", "230", "1.8", "29.8", "74.0", "35.6", "1002.1", "1.0", ""
"24/06/09", "225", "2.3", "28.8", "78.8", "34.1", "1002.3", "0.2", ""
"24/06/10", "216", "2.1", "28.7", "78.4", "33.7", "1003.8", "0.0", ""
"24/06/11", "225", "1.2", "27.0", "89.2", "30.8", "1005.4", "0.0", ""
"24/06/12", "232", "1.4", "29.0", "81.9", "35.2", "1006.2", "0.0", ""
"24/06/13", "232", "1.5", "30.7", "77.2", "38.8", "1004.1", "0.0", ""
"24/06/14", "232", "1.8", "30.7", "77.4", "38.9", "1002.6", "0.0", ""
"24/06/15", "248", "2.7", "30.9", "73.5", "38.4", "1002.0", "0.0", ""
"24/06/16", "216", "1.9", "29.8", "76.9", "36.3", "1002.7", "0.0", ""
"24/06/17", "217", "1.1", "28.4", "86.8", "34.4", "1003.4", "0.0", ""
"24/06/18", "216", "1.1", "29.5", "81.2", "36.4", "1002.6", "0.0", ""
"24/06/19", "227", "1.6", "29.9", "76.8", "36.5", "1001.9", "0.0", ""
"24/06/20", "240", "2.0", "30.3", "73.6", "36.7", "1001.3", "0.0", ""
"24/06/21", "229", "1.7", "29.4", "75.2", "34.9", "1000.4", "0.0", ""
"24/06/22", "226", "1.9", "29.2", "74.9", "34.1", "1000.7", "0.0", ""
"24/06/23", "227", "2.2", "28.8", "75.8", "33.5", "1001.4", "0.0", ""
"24/06/24", "226", "2.3", "28.9", "75.8", "33.6", "1001.4", "0.0", ""
"24/06/25", "223", "1.7", "27.3", "88.8", "31.5", "1001.9", "0.0", ""
"24/06/26", "202", "1.4", "28.9", "81.5", "34.9", "1003.5", "0.0", ""
"24/06/27", "199", "1.2", "29.0", "82.0", "35.1", "1004.5", "0.0", ""
"24/06/28", "201", "1.2", "30.1", "76.9", "37.2", "1003.6", "0.0", ""
"24/06/29", "208", "1.0", "27.3", "90.7", "31.6", "1005.0", "0.0", ""
"24/06/30", "154", "1.1", "27.0", "91.8", "31.0", "1005.3", "0.0", ""
"24/07/01", "260", "1.6", "27.8", "85.6", "32.3", "1003.7", "0.0", ""
"24/07/02", "267", "1.9", "29.1", "78.1", "34.7", "1002.5", "0.0", ""
"24/07/03", "183", "1.1", "28.0", "85.7", "33.0", "1004.4", "0.6", ""
"24/07/04", "101", "1.6", "25.6", "94.1", "27.0", "1005.3", "21.4", ""
"24/07/05", "194", "1.4", "26.4", "90.0", "29.1", "1002.9", "73.6", ""
"24/07/06", "230", "1.3", "28.2", "85.7", "33.5", "1001.8", "0.2", ""
"24/07/07", "184", "1.2", "29.1", "80.6", "35.0", "1002.2", "0.0", ""
"24/07/08", "202", "1.3", "28.4", "86.4", "34.2", "1002.8", "0.2", ""
"24/07/09", "204", "1.0", "28.8", "85.4", "35.5", "1004.3", "1.0", ""
"24/07/10", "217", "1.4", "27.6", "89.6", "32.6", "1004.6", "15.6", ""
"24/07/11", "250", "1.4", "27.2", "87.7", "31.1", "1003.3", "0.6", ""
"24/07/12", "234", "1.6", "28.3", "81.4", "33.2", "1001.9", "0.8", ""
"24/07/13", "234", "1.8", "28.5", "78.1", "33.0", "1001.1", "0.0", ""
"24/07/14", "244", "1.6", "28.3", "79.2", "32.8", "1001.4", "1.2", ""
"24/07/15", "279", "1.9", "26.1", "93.8", "28.4", "1001.5", "30.8", ""
"24/07/16", "242", "2.2", "28.0", "81.6", "32.3", "1000.6", "0.2", ""
"24/07/17", "244", "2.8", "28.6", "80.1", "33.6", "1000.8", "0.0", ""
"24/07/18", "231", "1.7", "27.9", "83.9", "32.5", "1002.2", "0.6", ""
"24/07/19", "227", "1.4", "27.8", "86.9", "32.5", "1002.4", "1.4", ""
"24/07/20", "226", "1.2", "28.0", "87.7", "33.4", "1003.7", "0.0", ""
"24/07/21", "228", "1.2", "28.9", "86.0", "35.8", "1003.5", "0.0", ""
"24/07/22", "230", "1.1", "28.9", "82.2", "34.8", "1003.7", "0.2", ""
"24/07/23", "233", "1.8", "28.1", "85.5", "33.2", "1002.7", "9.8", ""
"24/07/24", "230", "2.0", "28.0", "85.0", "32.9", "1000.2", "1.8", ""
"24/07/25", "238", "2.2", "27.9", "85.3", "32.7", "1000.1", "2.8", ""
"24/07/26", "229", "1.3", "27.8", "90.1", "33.2", "1001.5", "3.4", ""
"24/07/27", "222", "1.6", "27.1", "92.9", "31.3", "1002.8", "25.6", ""
"24/07/28", "213", "1.6", "27.6", "91.0", "32.8", "1002.1", "10.0", ""
"24/07/29", "201", "0.8", "25.1", "99.6", "25.6", "1003.1", "121.4", ""
"24/07/30", "210", "1.4", "28.3", "86.4", "34.0", "1004.1", "0.4", ""
"24/07/31", "216", "1.7", "28.5", "85.0", "34.4", "1005.5", "0.0", ""
"24/08/01", "214", "1.0", "27.6", "90.1", "32.6", "1005.7", "2.6", ""
"24/08/02", "229", "1.2", "28.2", "86.1", "33.7", "1005.1", "4.2", ""
"24/08/03", "189", "2.0", "26.9", "89.7", "30.4", "1005.3", "13.0", ""
"24/08/04", "171", "1.8", "27.3", "88.0", "31.5", "1005.1", "0.2", ""
"24/08/05", "228", "1.0", "28.3", "84.4", "33.6", "1004.1", "0.0", ""
"24/08/06", "240", "2.0", "28.7", "80.6", "34.0", "1003.6", "0.0", ""
"24/08/07", "213", "1.0", "29.1", "81.6", "35.5", "1004.6", "0.2", ""
"24/08/08", "215", "0.9", "28.3", "88.2", "34.2", "1004.8", "21.6", ""
"24/08/09", "128", "1.0", "27.1", "95.5", "31.6", "1004.2", "5.4", ""
"24/08/10", "219", "1.1", "29.6", "83.4", "37.3", "1002.6", "0.4", ""
"24/08/11", "225", "1.5", "30.1", "79.9", "38.0", "1001.1", "0.0", ""
"24/08/12", "225", "1.2", "28.9", "85.7", "35.7", "1002.1", "0.8", ""
"24/08/13", "222", "1.2", "29.3", "83.9", "36.7", "1003.2", "0.0", ""
"24/08/14", "231", "1.4", "29.4", "83.8", "36.7", "1003.2", "0.0", ""
"24/08/15", "224", "1.2", "29.3", "84.6", "36.6", "1002.0", "0.0", ""
"24/08/16", "202", "1.3", "29.6", "81.2", "36.8", "1002.2", "0.0", ""
"24/08/19", "202", "1.3", "29.4", "81.2", "36.3", "1003.6", "3.8", ""
"24/08/20", "216", "1.6", "29.3", "81.6", "36.0", "1004.9", "0.0", ""
"24/08/21", "335", "1.9", "27.9", "87.8", "33.0", "1004.9", "37.2", ""
"24/08/22", "200", "1.0", "29.1", "82.7", "35.7", "1005.2", "62.0", ""
"24/08/23", "5", "1.7", "27.3", "95.1", "32.3", "1005.6", "1.8", ""
"24/08/24", "345", "1.4", "26.6", "94.4", "30.1", "1005.1", "98.4", ""
"24/08/25", "300", "1.9", "27.7", "85.8", "32.2", "1003.7", "5.8", ""
"24/08/26", "214", "0.7", "28.2", "87.3", "33.9", "1003.6", "4.8", ""
"24/08/27", "206", "1.4", "27.9", "85.4", "32.7", "1003.5", "4.6", ""
"24/08/28", "242", "1.1", "27.6", "88.2", "32.1", "1003.1", "0.0", ""
"24/08/29", "244", "0.6", "25.1", "98.3", "25.7", "1004.1", "36.6", ""
"24/08/30", "257", "1.4", "27.7", "86.3", "32.3", "1004.5", "2.6", ""
"24/08/31", "269", "2.3", "28.2", "80.9", "32.8", "1003.6", "0.0", ""
"24/09/01", "277", "3.2", "28.7", "79.0", "33.8", "1002.0", "0.0", ""
"24/09/02", "320", "1.5", "25.6", "96.7", "27.2", "1002.5", "4.4", ""
"24/09/03", "242", "1.4", "26.8", "90.0", "30.1", "1003.5", "102.6", ""
"24/09/04", "252", "2.0", "28.2", "81.9", "32.8", "1001.9", "0.0", ""
"24/09/05", "255", "1.9", "28.6", "78.7", "33.4", "1000.8", "0.0", ""
"24/09/06", "239", "1.3", "28.6", "83.6", "34.3", "1001.4", "0.2", ""
"24/09/07", "234", "1.6", "28.6", "82.6", "34.2", "1003.2", "0.6", ""
"24/09/08", "240", "1.5", "27.1", "91.1", "31.2", "1003.9", "4.6", ""
"24/09/09", "232", "1.1", "28.2", "87.2", "33.9", "1002.8", "1.0", ""
"24/09/10", "237", "1.2", "28.3", "87.0", "34.2", "1002.7", "0.0", ""
"24/09/11", "244", "1.1", "28.1", "87.8", "33.8", "1003.8", "0.2", ""
"24/09/12", "303", "0.8", "26.8", "94.7", "30.6", "1003.9", "0.0", ""
"24/09/13", "241", "1.5", "27.4", "89.3", "31.9", "1002.1", "0.2", ""
"24/09/14", "210", "1.5", "27.3", "88.1", "31.3", "1001.2", "4.6", ""
"24/09/15", "254", "1.7", "27.4", "88.1", "31.6", "1000.6", "3.0", ""
"24/09/16", "262", "3.2", "28.4", "80.5", "33.1", "1000.2", "0.0", ""
"24/09/17", "296", "4.2", "28.3", "82.8", "33.4", "998.9", "0.0", ""
"24/09/18", "303", "2.1", "26.3", "92.1", "29.0", "998.6", "0.0", ""
"24/09/19", "258", "1.8", "27.6", "90.1", "32.5", "998.1", "0.2", ""
"24/09/20", "231", "1.5", "28.4", "83.9", "33.9", "999.4", "0.6", ""
"24/09/21", "220", "1.9", "28.5", "82.5", "33.9", "1000.6", "0.4", ""
"24/09/22", "241", "1.4", "27.4", "89.8", "31.7", "1002.5", "0.0", ""
"24/09/23", "217", "1.3", "28.2", "84.6", "33.5", "1004.8", "0.0", ""
"24/09/24", "222", "1.5", "26.5", "90.1", "29.2", "1005.7", "0.0", ""
"24/09/25", "26", "1.3", "26.8", "89.8", "30.1", "1006.2", "0.0", ""
"24/09/26", "8", "1.7", "26.5", "94.1", "29.8", "1005.7", "0.0", ""
"24/09/27", "10", "1.7", "26.6", "92.7", "29.7", "1005.4", "0.0", ""
"24/09/28", "247", "0.8", "26.8", "94.2", "30.4", "1005.2", "0.0", ""
"24/09/29", "215", "1.0", "28.3", "86.4", "34.0", "1004.3", "0.0", ""
"24/09/30", "238", "1.7", "28.4", "84.6", "34.0", "1002.7", "0.0", ""
"24/10/01", "194", "1.0", "27.8", "89.4", "33.0", "1003.0", "0.0", ""
"24/10/02", "173", "1.1", "28.4", "85.9", "34.1", "1004.7", "0.0", ""
"24/10/03", "84", "1.7", "27.1", "91.1", "31.3", "1005.7", "37.2", ""
"24/10/04", "22", "1.8", "25.8", "94.9", "27.6", "1006.2", "1.2", ""
"24/10/05", "4", "2.1", "26.7", "90.6", "29.9", "1005.8", "33.6", ""
"24/10/06", "22", "2.0", "26.5", "90.6", "29.4", "1006.5", "0.8", ""
"24/10/07", "20", "1.9", "27.3", "88.9", "31.6", "1006.7", "8.2", ""
"24/10/08", "26", "2.4", "27.2", "88.2", "31.0", "1006.1", "0.6", ""
"24/10/09", "5", "2.6", "27.3", "84.9", "30.9", "1005.0", "0.0", ""
"24/10/10", "27", "2.4", "26.9", "87.4", "30.2", "1004.7", "0.0", ""
"24/10/11", "25", "1.8", "27.0", "88.4", "30.7", "1005.0", "3.6", ""
"24/10/12", "24", "2.2", "27.2", "90.7", "31.4", "1005.5", "0.2", ""
"24/10/13", "34", "2.0", "27.5", "88.6", "32.1", "1005.1", "18.2", ""
"24/10/14", "12", "1.4", "26.2", "94.1", "28.8", "1005.2", "3.2", ""
"24/10/15", "337", "1.2", "26.3", "94.8", "29.0", "1005.5", "21.4", ""
"24/10/16", "19", "1.5", "24.9", "96.8", "25.3", "1005.6", "21.4", ""
"24/10/17", "294", "1.7", "27.0", "90.2", "30.9", "1005.1", "0.0", ""
"24/10/18", "28", "1.6", "24.9", "96.0", "25.1", "1005.1", "31.0", ""
"24/10/19", "55", "1.7", "26.5", "92.1", "29.4", "1005.5", "11.2", ""
"24/10/20", "9", "1.2", "26.5", "92.8", "29.5", "1007.1", "15.0", ""
"24/10/21", "320", "1.8", "27.5", "87.0", "31.8", "1006.0", "0.0", ""
"24/10/22", "2", "2.1", "25.8", "93.4", "27.6", "1005.6", "72.2", ""
"24/10/23", "356", "2.3", "26.9", "90.7", "30.6", "1006.1", "6.8", ""
"24/10/24", "335", "2.6", "27.8", "82.7", "32.1", "1005.0", "0.2", ""
"24/10/25", "295", "2.7", "28.2", "83.3", "33.2", "1003.7", "0.0", ""
"24/10/26", "270", "3.3", "28.9", "83.8", "35.3", "1001.4", "0.0", ""
"24/10/27", "281", "3.2", "28.8", "83.1", "34.9", "1000.0", "0.2", ""
"24/10/28", "58", "1.6", "26.2", "91.9", "28.7", "1002.2", "0.2", ""
"24/10/29", "228", "1.2", "28.0", "83.4", "32.6", "1003.8", "0.6", ""
"24/10/30", "43", "1.7", "25.9", "90.0", "27.7", "1005.2", "1.4", ""
"24/10/31", "319", "1.5", "27.3", "86.8", "31.3", "1004.7", "0.6", ""
"24/11/01", "12", "1.5", "25.9", "95.1", "27.9", "1005.0", "48.8", ""
"24/11/02", "31", "3.1", "27.6", "71.5", "30.1", "1006.2", "0.0", ""
"24/11/03", "20", "3.3", "27.5", "75.3", "30.3", "1006.1", "0.0", ""
"24/11/04", "30", "2.5", "27.1", "83.7", "30.3", "1006.2", "3.6", ""
"24/11/05", "24", "2.9", "26.1", "87.0", "28.3", "1006.7", "1.4", ""
"24/11/06", "36", "3.2", "27.1", "81.8", "30.0", "1007.3", "0.4", ""
"24/11/07", "34", "3.2", "27.7", "75.6", "30.8", "1006.9", "0.0", ""
"24/11/08", "23", "2.8", "27.3", "79.8", "30.3", "1006.6", "0.0", ""
"24/11/09", "29", "3.2", "27.7", "71.3", "30.3", "1006.5", "0.0", ""
"24/11/10", "19", "1.8", "26.8", "73.3", "28.7", "1006.3", "0.0", ""
"24/11/11", "7", "2.2", "27.8", "73.6", "30.7", "1005.7", "0.0", ""
"24/11/12", "26", "2.4", "27.7", "76.1", "30.8", "1004.5", "0.0", ""
"24/11/13", "351", "2.1", "28.8", "78.2", "33.7", "1003.9", "0.0", ""
"24/11/14", "24", "1.3", "26.3", "93.3", "29.1", "1004.7", "48.0", ""
"24/11/15", "22", "1.0", "27.1", "89.3", "31.0", "1004.8", "0.0", ""
"24/11/16", "294", "1.1", "27.8", "86.2", "32.5", "1004.1", "0.0", ""
"24/11/17", "15", "2.3", "26.3", "91.1", "29.0", "1004.8", "22.6", ""
"24/11/18", "26", "2.6", "27.1", "77.6", "29.7", "1005.6", "0.6", ""
"24/11/19", "25", "3.1", "27.4", "77.7", "30.3", "1005.9", "0.2", ""
"24/11/20", "24", "4.2", "27.1", "78.8", "29.8", "1005.5", "0.0", ""
"24/11/21", "19", "4.5", "27.5", "73.1", "30.1", "1005.4", "0.0", ""
"24/11/22", "27", "3.7", "27.5", "74.4", "30.2", "1005.6", "0.0", ""
"24/11/23", "21", "3.5", "27.4", "76.0", "30.2", "1006.0", "0.0", ""
"24/11/24", "27", "3.4", "27.9", "73.5", "31.0", "1005.7", "0.0", ""
"24/11/25", "27", "3.3", "27.0", "80.3", "29.9", "1005.4", "0.0", ""
"24/11/26", "21", "2.7", "28.0", "74.6", "31.4", "1005.2", "0.0", ""
"24/11/27", "34", "3.3", "27.2", "75.2", "29.7", "1005.8", "0.0", ""
"24/11/28", "30", "4.9", "26.8", "66.9", "28.3", "1007.3", "0.0", ""
"24/11/29", "24", "5.2", "25.2", "65.0", "26.2", "1007.4", "0.0", ""
"24/11/30", "12", "4.5", "25.7", "63.3", "26.7", "1005.8", "0.0", ""
"24/12/01", "24", "3.2", "26.4", "66.1", "27.6", "1004.3", "0.0", ""
"24/12/02", "19", "2.7", "27.0", "68.3", "28.7", "1004.5", "0.0", ""
"24/12/03", "37", "2.4", "27.3", "71.9", "29.5", "1004.6", "0.0", ""
"24/12/04", "26", "2.7", "27.4", "70.0", "29.6", "1004.7", "0.0", ""
"24/12/05", "16", "2.8", "27.8", "69.1", "30.2", "1004.4", "0.0", ""
"24/12/06", "29", "2.3", "27.5", "72.6", "30.0", "1004.4", "0.0", ""
"24/12/07", "30", "2.2", "28.6", "72.0", "32.2", "1005.0", "0.0", ""
"24/12/08", "40", "2.8", "26.6", "76.1", "28.5", "1005.9", "0.0", ""
"24/12/09", "19", "3.7", "26.8", "68.9", "28.4", "1005.3", "0.0", ""
"24/12/10", "12", "2.7", "27.6", "65.0", "29.3", "1004.2", "0.0", ""
"24/12/11", "32", "3.7", "29.2", "60.5", "31.5", "1003.3", "0.0", ""
"24/12/12", "26", "3.8", "27.5", "72.9", "30.1", "1003.9", "0.4", ""
"24/12/13", "22", "4.5", "26.5", "79.5", "28.6", "1005.3", "0.2", ""
"24/12/14", "30", "5.0", "25.7", "68.9", "26.8", "1007.2", "0.2", ""
"24/12/15", "28", "5.2", "25.8", "58.6", "26.6", "1008.4", "0.0", ""
"24/12/16", "23", "5.1", "25.6", "58.4", "26.5", "1008.9", "0.0", ""
"24/12/17", "27", "3.8", "25.6", "62.8", "26.6", "1007.9", "0.0", ""
"24/12/18", "21", "4.0", "26.1", "64.1", "27.1", "1007.4", "0.0", ""
"24/12/19", "24", "4.9", "25.2", "56.0", "26.1", "1007.7", "0.0", ""
"24/12/20", "22", "3.9", "24.4", "60.1", "25.5", "1007.4", "0.0", ""
"24/12/21", "20", "2.9", "24.9", "65.0", "25.9", "1007.4", "0.0", ""
"24/12/22", "20", "4.7", "23.3", "60.2", "24.9", "1007.3", "0.0", ""
"24/12/23", "19", "3.3", "23.8", "62.0", "25.1", "1006.9", "0.0", ""
"24/12/24", "17", "3.6", "25.9", "62.7", "26.9", "1007.5", "0.0", ""
"24/12/25", "18", "4.2", "26.3", "57.1", "27.2", "1008.2", "0.0", ""
"24/12/26", "16", "3.8", "26.6", "63.0", "27.7", "1008.7", "0.0", ""
"24/12/27", "28", "3.1", "27.7", "66.5", "29.7", "1008.8", "0.0", ""
"24/12/28", "40", "4.3", "27.0", "61.1", "28.2", "1009.3", "0.0", ""
"24/12/29", "30", "3.4", "25.6", "67.0", "26.6", "1008.9", "0.0", ""
"24/12/30", "30", "2.9", "25.3", "65.2", "26.3", "1008.7", "0.0", ""
"24/12/31", "22", "3.4", "25.7", "57.8", "26.6", "1007.7", "0.0", ""
"25/01/01", "10", "3.2", "25.7", "64.8", "26.7", "1006.4", "0.0", ""
"25/01/02", "14", "3.1", "26.6", "57.9", "27.5", "1006.4", "0.0", ""
"25/01/03", "29", "3.7", "26.6", "58.0", "27.5", "1006.8", "0.0", ""
"25/01/04", "24", "3.1", "26.0", "59.5", "26.9", "1007.0", "0.0", ""
"25/01/05", "19", "5.2", "25.2", "49.1", "26.0", "1008.2", "0.0", ""
"25/01/06", "28", "3.2", "24.3", "57.2", "25.5", "1007.7", "0.0", ""
"25/01/07", "13", "1.9", "24.6", "64.0", "25.6", "1007.2", "0.0", ""
"25/01/08", "21", "1.9", "25.7", "66.0", "26.7", "1007.3", "0.0", ""
"25/01/09", "17", "2.6", "25.5", "63.9", "26.6", "1009.2", "0.0", ""
"25/01/10", "27", "4.9", "26.0", "57.5", "26.8", "1010.1", "0.0", ""
"25/01/11", "32", "7.0", "24.3", "53.1", "25.5", "1011.4", "0.0", ""
"25/01/12", "20", "6.4", "21.9", "52.4", "24.9", "1010.9", "0.0", ""
"25/01/13", "22", "4.3", "22.5", "54.3", "24.9", "1009.3", "0.0", ""
"25/01/14", "355", "5.2", "25.2", "49.0", "26.0", "1009.0", "0.0", ""
"25/01/15", "29", "5.1", "27.5", "52.8", "28.1", "1008.4", "0.0", ""
"25/01/16", "33", "3.7", "26.5", "57.4", "27.3", "1008.9", "0.0", ""
"25/01/17", "26", "3.8", "24.7", "60.6", "25.8", "1007.8", "0.0", ""
"25/01/18", "12", "3.1", "24.5", "57.0", "25.6", "1006.9", "0.0", ""
"25/01/19", "8", "2.6", "25.5", "54.2", "26.3", "1005.7", "0.0", ""
"25/01/20", "2", "2.2", "24.5", "55.3", "25.6", "1005.7", "0.0", ""
"25/01/21", "39", "1.9", "24.4", "65.5", "25.4", "1005.9", "0.0", ""
"25/01/22", "10", "1.7", "24.4", "63.9", "25.5", "1006.4", "0.0", ""
"25/01/23", "6", "1.7", "25.5", "66.4", "26.5", "1006.2", "0.0", ""
"25/01/24", "356", "1.5", "25.5", "70.0", "26.6", "1005.2", "0.0", ""
"25/01/25", "283", "1.3", "25.6", "79.4", "26.8", "1005.0", "0.0", ""
"25/01/26", "14", "2.0", "26.3", "84.2", "28.5", "1005.3", "0.0", ""
"25/01/27", "27", "3.8", "24.9", "59.0", "25.9", "1006.8", "0.0", ""
"25/01/28", "36", "3.3", "25.0", "56.4", "26.0", "1009.6", "0.0", ""
"25/01/29", "13", "2.5", "24.1", "64.2", "25.2", "1009.6", "0.0", ""
"25/01/30", "4", "2.0", "24.3", "63.4", "25.4", "1007.0", "0.0", ""
"25/01/31", "345", "1.5", "24.8", "69.8", "25.7", "1006.1", "0.0", ""
"25/02/01", "242", "1.3", "25.1", "81.4", "26.1", "1004.9", "0.0", ""
"25/02/02", "206", "1.4", "26.4", "82.7", "28.7", "1004.6", "0.0", ""
"25/02/03", "195", "1.6", "27.4", "78.7", "30.5", "1005.4", "0.0", ""
"25/02/04", "250", "1.8", "28.1", "76.6", "31.9", "1007.0", "0.0", ""
"25/02/05", "273", "1.4", "25.7", "81.2", "27.1", "1006.0", "0.0", ""
"25/02/06", "304", "1.4", "25.7", "86.8", "27.3", "1005.4", "0.0", ""
"25/02/07", "262", "1.5", "25.9", "86.4", "27.7", "1006.6", "0.0", ""
"25/02/08", "33", "2.7", "26.4", "67.1", "27.7", "1007.3", "0.0", ""
"25/02/09", "16", "3.4", "25.3", "63.1", "26.3", "1007.7", "0.0", ""
"25/02/10", "20", "3.0", "25.5", "63.5", "26.5", "1007.6", "0.0", ""
"25/02/11", "317", "2.1", "26.6", "57.2", "27.5", "1006.8", "0.0", ""
"25/02/12", "247", "1.6", "27.4", "66.8", "29.3", "1006.8", "0.0", ""
"25/02/13", "211", "1.4", "27.4", "79.9", "30.7", "1006.6", "0.0", ""
"25/02/14", "212", "1.3", "27.2", "84.7", "30.7", "1006.1", "0.0", ""
"25/02/15", "232", "1.4", "27.1", "84.6", "30.4", "1005.0", "0.0", ""
"25/02/16", "197", "1.6", "28.1", "81.3", "32.5", "1006.5", "0.0", ""
"25/02/17", "203", "1.8", "27.3", "84.3", "30.9", "1007.6", "0.0", ""
"25/02/18", "217", "1.8", "27.7", "81.0", "31.5", "1008.0", "0.0", ""
"25/02/19", "304", "1.9", "25.8", "88.7", "27.5", "1007.5", "0.0", ""
"25/02/20", "280", "1.7", "27.4", "83.8", "31.1", "1007.2", "0.0", ""
"25/02/21", "255", "1.5", "26.0", "89.3", "28.1", "1008.7", "0.0", ""
"25/02/22", "332", "2.3", "26.6", "84.9", "29.2", "1008.4", "0.0", ""
"25/02/23", "1", "2.4", "27.2", "82.3", "30.5", "1009.0", "0.0", ""
"25/02/24", "23", "3.9", "26.3", "77.4", "28.0", "1010.7", "0.0", ""
"25/02/25", "346", "4.4", "26.0", "71.9", "27.4", "1011.3", "0.0", ""
"25/02/26", "356", "2.8", "27.6", "70.0", "30.0", "1009.6", "0.0", ""
"25/02/27", "219", "1.5", "28.5", "72.5", "32.0", "1007.8", "0.0", ""
"25/02/28", "281", "1.7", "26.6", "87.4", "29.4", "1007.4", "0.0", ""
"25/03/01", "215", "1.6", "27.7", "85.8", "32.1", "1005.9", "0.0", ""
"25/03/02", "212", "1.7", "28.6", "80.9", "33.9", "1004.3", "0.0", ""
"25/03/03", "199", "2.1", "28.5", "81.9", "33.8", "1004.4", "0.0", ""
"25/03/04", "196", "2.2", "28.5", "76.0", "32.7", "1004.0", "0.0", ""
"25/03/05", "193", "1.6", "28.3", "79.7", "32.8", "1003.6", "0.0", ""
"25/03/06", "194", "1.9", "28.8", "77.9", "33.8", "1005.1", "0.0", ""
"25/03/07", "41", "2.8", "26.9", "85.4", "30.0", "1005.5", "0.0", ""
"25/03/08", "16", "3.8", "25.7", "86.1", "27.2", "1006.5", "0.0", ""
"25/03/09", "21", "2.3", "26.6", "75.4", "28.6", "1007.6", "0.0", ""
"25/03/10", "265", "1.9", "29.2", "70.6", "33.2", "1007.2", "0.0", ""
"25/03/11", "213", "1.7", "28.5", "80.6", "33.5", "1006.4", "0.0", ""
"25/03/12", "201", "1.9", "29.5", "75.9", "35.0", "1005.1", "0.0", ""
"25/03/13", "32", "1.9", "26.2", "85.8", "28.4", "1005.9", "0.0", ""
"25/03/14", "219", "1.7", "28.6", "81.2", "33.9", "1006.5", "0.0", ""
"25/03/15", "215", "1.5", "29.1", "78.6", "34.7", "1006.4", "0.0", ""
"25/03/16", "193", "1.9", "29.4", "77.3", "35.2", "1005.5", "0.0", ""
"25/03/17", "65", "1.8", "27.0", "91.0", "30.7", "1006.9", "0.0", ""
"25/03/18", "353", "1.7", "28.0", "84.9", "32.8", "1007.5", "0.0", ""
"25/03/19", "25", "3.7", "27.0", "63.2", "28.4", "1010.6", "0.0", ""
"25/03/20", "31", "4.4", "25.5", "57.6", "26.4", "1011.3", "0.0", ""
"25/03/21", "13", "3.3", "26.2", "63.6", "27.3", "1010.1", "0.0", ""
"25/03/22", "14", "2.4", "26.9", "70.1", "28.7", "1008.8", "0.0", ""
"25/03/23", "338", "1.5", "27.7", "71.8", "30.3", "1007.5", "0.0", ""
"25/03/24", "207", "1.4", "28.2", "81.7", "32.9", "1005.1", "0.0", ""
"25/03/25", "194", "1.7", "28.8", "81.2", "34.5", "1002.5", "0.0", ""
"25/03/26", "192", "1.9", "28.9", "81.4", "34.6", "1001.6", "0.0", ""
"25/03/27", "188", "2.0", "29.0", "82.2", "35.3", "1001.1", "0.0", ""
"25/03/28", "196", "1.5", "29.3", "74.3", "34.2", "1002.2", "0.0", ""
"25/03/29", "194", "1.5", "29.8", "75.2", "35.9", "1003.5", "0.0", ""
"25/03/30", "347", "1.6", "27.4", "91.3", "32.1", "1005.8", "0.0", ""
"25/03/31", "18", "1.3", "25.3", "95.7", "26.2", "1006.0", "0.0", ""
"25/04/01", "342", "1.7", "27.9", "84.1", "32.5", "1005.5", "0.0", ""
"25/04/02", "257", "1.9", "26.2", "92.1", "28.7", "1007.0", "0.0", ""
"25/04/03", "225", "1.5", "27.6", "86.4", "31.9", "1006.9", "0.0", ""
"25/04/04", "211", "1.4", "28.2", "84.3", "33.2", "1006.6", "0.0", ""
"25/04/05", "210", "1.3", "28.4", "80.2", "33.2", "1005.5", "0.0", ""
"25/04/06", "210", "1.5", "29.5", "77.8", "35.7", "1006.0", "0.0", ""
"25/04/07", "219", "1.7", "28.9", "81.3", "34.9", "1007.5", "0.0", ""
"25/04/08", "225", "1.4", "28.5", "83.0", "34.0", "1007.5", "0.0", ""
"25/04/09", "205", "1.6", "29.8", "76.2", "36.0", "1005.6", "0.0", ""
"25/04/10", "130", "1.4", "26.6", "90.1", "29.5", "1003.8", "0.0", ""
"25/04/11", "209", "1.3", "28.8", "83.9", "35.0", "1003.6", "0.0", ""
"25/04/12", "184", "1.3", "29.4", "80.7", "35.9", "1004.2", "0.0", ""
"25/04/13", "138", "2.0", "30.3", "78.1", "38.0", "1004.6", "0.0", ""
"25/04/14", "37", "2.1", "26.5", "88.2", "29.3", "1005.9", "0.2", ""
"25/04/15", "357", "1.4", "27.5", "87.7", "31.8", "1005.5", "0.2", ""
"25/04/16", "252", "1.4", "27.9", "88.6", "33.2", "1005.6", "0.0", ""
"25/04/17", "207", "1.3", "29.6", "79.8", "36.5", "1004.5", "0.0", ""
"25/04/18", "201", "1.3", "29.8", "78.9", "36.6", "1003.9", "0.0", ""
"25/04/19", "206", "1.4", "29.5", "80.9", "36.3", "1003.4", "0.0", ""
"25/04/20", "210", "1.5", "30.0", "78.7", "37.3", "1004.8", "0.0", ""
"25/04/21", "196", "1.1", "29.4", "80.4", "35.8", "1005.9", "0.0", ""
"25/04/22", "216", "1.5", "29.8", "77.2", "36.2", "1005.8", "0.0", ""
"25/04/23", "192", "1.6", "30.4", "72.1", "36.6", "1004.4", "0.0", ""
"25/04/24", "199", "1.7", "30.7", "74.4", "38.2", "1004.4", "0.0", ""
"25/04/25", "194", "1.3", "30.1", "77.6", "37.4", "1004.2", "0.0", ""
"25/04/26", "181", "1.5", "29.8", "79.9", "37.0", "1005.2", "0.0", ""
"25/04/27", "356", "0.8", "26.7", "96.1", "30.4", "1005.2", "0.0", ""
"25/04/28", "231", "1.4", "29.2", "81.5", "35.5", "1004.4", "0.0", ""
"25/04/29", "19", "1.3", "27.4", "89.7", "32.0", "1004.8", "0.0", ""
"25/04/30", "162", "1.4", "28.8", "83.5", "34.9", "1004.7", "0.0", ""
"25/05/01", "285", "1.8", "28.8", "80.7", "34.5", "1005.1", "0.0", ""
"25/05/02", "268", "1.6", "27.6", "91.0", "32.7", "1004.4", "0.0", ""
"25/05/03", "21", "1.8", "25.7", "94.1", "27.2", "1004.1", "0.0", ""
"25/05/04", "222", "1.0", "27.7", "85.3", "32.1", "1003.4", "0.0", ""
"25/05/05", "200", "1.3", "30.1", "77.4", "37.2", "1002.5", "0.0", ""
"25/05/06", "145", "1.2", "28.7", "86.0", "35.1", "1002.5", "0.0", ""
"25/05/07", "191", "1.5", "29.4", "81.5", "36.3", "1001.8", "0.0", ""
"25/05/08", "226", "1.2", "28.8", "86.6", "35.7", "1002.2", "0.0", ""
"25/05/09", "204", "1.3", "30.2", "82.2", "39.1", "1002.1", "0.0", ""
"25/05/10", "352", "2.3", "26.7", "92.5", "30.2", "1003.1", "0.0", ""
"25/05/11", "65", "1.5", "26.0", "92.7", "28.2", "1001.8", "0.0", ""
"25/05/12", "25", "1.4", "24.9", "98.9", "25.0", "1002.3", "0.0", ""
"25/05/13", "53", "1.1", "26.2", "96.0", "28.8", "1003.6", "0.0", ""
"25/05/14", "20", "1.4", "25.5", "97.5", "26.7", "1004.8", "0.0", ""
"25/05/15", "53", "1.4", "28.4", "86.2", "34.4", "1004.8", "0.0", ""
"25/05/16", "39", "1.6", "28.2", "88.0", "33.9", "1004.5", "0.4", ""
"25/05/17", "59", "1.9", "28.2", "88.6", "34.2", "1004.4", "34.8", ""
"25/05/18", "242", "1.5", "29.5", "84.7", "37.4", "1003.7", "13.2", ""
"25/05/19", "37", "1.3", "27.4", "89.8", "31.9", "1003.5", "4.0", ""
"25/05/20", "196", "1.1", "30.3", "77.4", "37.8", "1003.1", "0.2", ""
"25/05/21", "31", "1.3", "27.1", "95.3", "31.6", "1003.2", "0.0", ""
"25/05/22", "5", "1.0", "28.3", "91.8", "35.2", "1001.2", "0.0", ""
"25/05/23", "186", "1.4", "28.7", "88.2", "35.6", "1000.3", "0.0", ""
"25/05/24", "146", "1.2", "27.2", "91.9", "31.7", "1001.4", "0.0", ""
"25/05/25", "150", "1.4", "26.6", "94.4", "29.9", "1003.3", "0.0", ""
"25/05/26", "159", "1.5", "26.4", "93.9", "29.2", "1003.5", "0.0", ""
"25/05/27", "40", "0.8", "25.7", "98.2", "27.5", "1003.3", "0.2", ""
"25/05/28", "213", "1.1", "29.5", "82.4", "36.8", "1002.4", "0.2", ""
"25/05/29", "209", "1.3", "29.0", "86.4", "36.3", "1003.7", "0.0", ""
"25/05/30", "221", "1.0", "27.8", "93.4", "33.7", "1005.1", "0.0", ""
"25/05/31", "206", "1.5", "29.3", "85.1", "36.7", "1005.5", "0.0", ""
"25/06/01", "213", "1.2", "29.4", "84.8", "37.0", "1004.7", "0.0", ""
"25/06/02", "224", "1.1", "28.7", "84.3", "34.7", "1004.0", "0.0", ""
"25/06/03", "246", "1.7", "29.2", "79.9", "35.2", "1003.7", "0.0", ""
"25/06/04", "237", "1.3", "28.9", "85.0", "35.5", "1003.2", "0.0", ""
"25/06/05", "215", "1.3", "28.0", "87.5", "33.4", "1003.7", "0.0", ""
"25/06/06", "205", "1.1", "29.2", "83.8", "36.3", "1003.2", "0.0", ""
"25/06/07", "220", "1.4", "29.4", "81.4", "36.2", "1002.5", "0.0", ""
"25/06/08", "215", "1.5", "29.4", "80.0", "36.0", "1001.7", "0.0", ""
"25/06/09", "220", "1.6", "29.2", "78.4", "34.9", "1000.9", "0.0", ""
"25/06/10", "228", "1.7", "29.3", "78.9", "35.2", "1000.9", "0.0", ""
"25/06/11", "237", "1.8", "29.0", "77.8", "34.3", "1001.1", "0.0", ""
"25/06/12", "228", "1.8", "28.5", "78.8", "33.1", "1001.2", "0.0", ""
"25/06/13", "230", "1.0", "26.8", "91.7", "30.4", "1003.1", "0.0", ""
"25/06/14", "213", "1.0", "27.2", "90.5", "31.2", "1004.1", "0.0", ""
"25/06/15", "257", "1.7", "27.7", "84.3", "32.1", "1003.9", "0.0", ""
"25/06/16", "231", "1.2", "29.7", "78.9", "36.4", "1004.3", "0.0", ""
"25/06/17", "238", "1.8", "30.0", "76.0", "36.5", "1004.3", "0.0", ""
"25/06/18", "244", "2.0", "29.5", "77.4", "35.6", "1003.8", "0.0", ""
"25/06/19", "284", "2.2", "29.3", "77.4", "35.1", "1003.8", "0.0", ""
"25/06/20", "251", "2.5", "29.2", "76.6", "34.5", "1003.4", "0.0", ""
"25/06/21", "228", "1.4", "29.0", "78.6", "34.6", "1002.2", "0.0", ""
"25/06/22", "225", "1.7", "28.4", "81.1", "33.2", "1002.9", "0.0", ""
"25/06/23", "222", "1.2", "27.7", "83.4", "31.7", "1003.0", "0.0", ""
"25/06/24", "220", "1.5", "28.7", "80.9", "34.0", "1003.2", "0.0", ""
"25/06/25", "230", "1.3", "28.3", "82.5", "33.3", "1003.8", "0.0", ""
"25/06/26", "233", "1.4", "29.1", "75.1", "34.0", "1003.7", "0.0", ""
"25/06/27", "236", "1.7", "28.1", "80.5", "32.3", "1003.7", "0.0", ""
"25/06/28", "227", "1.7", "28.6", "75.5", "32.8", "1002.7", "0.0", ""
"25/06/29", "256", "1.8", "27.0", "83.8", "30.1", "1002.2", "0.0", ""
"25/06/30", "226", "1.2", "28.3", "80.1", "32.9", "1002.1", "0.0", ""
"Average", "165", "2.0", "27.9", "78.8", "31.6", "1004.5", "", "-"
"Minimum", "", "", "21.5", "41.8", "20.5", "995.7", "", "-"
"Day", "", "", "21/01/12", "14/01/15", "17/10/04", "23/06/01", "", ""
"Maximum", "32", "7.0", "35.2", "99.6", "42.4", "1012.3", "3669.0", "-"
"Day", "", "25/01/11", "23/06/01", "24/07/29", "24/05/05", "24/02/11", "295 days", ""
